x	y	id	timestamp
398.6656	589.4796	22496630.0798639	1.330146
429.5672	574.7354	22496657.4227687	1.367266
463.2258	641.6221	22496677.4866582	1.39933
386.238	440.3177	22496721.5093057	1.438387
392.4195	105.7573	22496803.9826437	1.522101
351.6267	245.846	22496855.8381357	1.571805
449.0487	394.0249	22496893.165567	1.609097
467.0672	432.4717	22496901.057941	1.626093
483.6474	437.9537	22496920.1410314	1.64221
466.8998	422.019	22496934.8099101	1.658778
454.8622	405.2507	22496945.572425	1.675345
447.7318	434.4902	22496980.1044352	1.709108
424.7067	427.1477	22496991.8206529	1.725104
387.8709	362.5424	22497025.0816067	1.7421
385.4149	361.0023	22497037.0367633	1.758178
381.2198	362.4162	22497054.0322173	1.775117
380.9183	378.0217	22497071.0367034	1.79131
386.316	465.9327	22497080.3668164	1.808109
386.0839	428.9814	22497100.0349376	1.824447
384.9872	463.982	22497126.0382245	1.858125
389.926	456.0021	22497144.8109406	1.874144
398.2712	404.4654	22497170.7037901	1.891122
401.6619	397.7598	22497189.2379778	1.907277
403.6972	397.2292	22497203.6022299	1.924122
403.4163	399.1431	22497214.68333	1.940414
410.1497	402.3996	22497233.2602147	1.957166
413.3454	400.1497	22497249.3524632	1.974204
414.079	400.1372	22497283.0215016	2.007134
411.8523	393.2444	22497306.2728855	2.023258
402.7135	398.2629	22497338.941829	2.057123
402.7498	398.4716	22497350.5718317	2.072954
395.9961	411.2467	22497369.4332262	2.090182
393.4317	414.3089	22497383.9551288	2.106186
398.6065	454.823	22497395.0625039	2.123174
397.2246	420.1656	22497430.4488644	2.156168
405.0009	460.3929	22497441.8711298	2.173193
408.171	473.9851	22497459.1790108	2.189133
411.5909	446.2615	22497486.4853769	2.205479
412.0337	443.5971	22497503.3067586	2.222147
415.486	451.1199	22497519.3575417	2.238614
414.8548	450.7715	22497532.041421	2.255187
432.1079	460.6799	22497548.8714242	2.272159
430.9673	498.1371	22497578.0429097	2.305137
432.8251	503.2182	22497595.4710812	2.321445
408.7176	468.5468	22497654.7624179	2.338132
406.8602	466.0127	22497670.5114483	2.395949
406.9549	459.7369	22497685.9882854	2.41252
406.6202	489.5649	22497699.5720859	2.429166
409.2635	442.5285	22497745.4943388	2.462222
409.5363	444.9177	22497757.4412845	2.479168
418.847	444.6697	22497774.8152637	2.495355
415.1511	444.9479	22497793.1371982	2.511924
414.8939	441.9727	22497802.6836699	2.529174
416.2917	439.188	22497820.0379428	2.545168
417.4533	441.653	22497835.8378812	2.562168
422.0374	477.9344	22497847.4744526	2.578188
434.2029	448.5127	22497892.4019478	2.61132
433.1908	448.6054	22497909.7574524	2.628201
429.9716	455.1151	22497926.8559539	2.644454
418.0531	464.2519	22497935.759097	2.644454
418.0248	501.9018	22497954.359383	2.684065
422.8875	456.6621	22497981.7696177	2.700645
422.981	456.756	22497999.4490446	2.717242
424.2165	455.8764	22498028.6447524	2.751178
427.3229	454.9084	22498045.2222686	2.767668
426.6757	455.7305	22498061.8478189	2.78419
420.7661	449.7389	22498071.9378562	2.800212
417.2573	453.6947	22498091.0574853	2.816617
397.2233	467.4006	22498116.6321601	2.833185
396.5947	467.3955	22498150.6838292	2.867202
418.2016	455.2416	22498182.2598941	2.901174
415.4813	451.4576	22498199.0558218	2.918169
410.2665	489.4964	22498208.0361479	2.934175
402.7283	419.0908	22498226.3831258	2.950473
402.7385	415.2893	22498242.0319825	2.967175
396.7793	451.9756	22498254.0532374	2.983605
366.6219	408.1543	22498288.0659044	3.000172
332.143	456.6167	22498298.7114131	3.017226
315.4032	418.7908	22498333.0631928	3.056686
292.2958	412.9775	22498345.1037434	3.073235
282.3401	450.539	22498360.8745328	3.090179
277.5879	412.0552	22498387.3963418	3.106383
185.5915	447.7981	22498408.0735899	3.139518
179.1795	407.2087	22498432.3570913	3.156258
166.2462	406.1916	22498451.1794838	3.172646
159.7744	411.0744	22498477.3724438	3.206253
160.9064	450.1538	22498494.828122	3.223228
152.9634	408.9743	22498520.8954544	3.239249
156.0876	406.6681	22498554.399863	3.272209
156.9892	405.7079	22498565.5170913	3.289275
159.0022	406.2786	22498584.414614	3.305191
159.7285	406.2131	22498599.6369114	3.322192
221.6367	453.3187	22498658.0841615	3.355195
239.8059	422.8532	22498694.2509737	3.414557
250.8397	465.0152	22498702.5850974	3.431205
257.5319	465.5283	22498719.2595029	3.448203
266.0652	420.2909	22498747.9990919	3.464269
273.4752	428.1297	22498795.1012596	3.514209
276.1216	437.7629	22498814.1248205	3.530514
276.8083	437.8589	22498828.4968731	3.547205
276.6206	435.8984	22498839.1292442	3.563652
275.9024	434.9111	22498857.5012655	3.580228
265.9225	436.742	22498881.4743927	3.597205
274.6588	468.8731	22498899.6000852	3.629913
273.5252	431.8405	22498929.1734972	3.646479
271.1784	434.857	22498945.8877258	3.663214
270.1852	431.3791	22498961.3362351	3.679614
266.6924	426.7391	22498972.7465946	3.69622
266.2484	425.7922	22498993.117574	3.713216
272.3083	427.2416	22499006.8138645	3.729314
293.8286	472.7663	22499017.1953909	3.746217
299.6989	442.7051	22499034.2466794	3.762446
294.0311	438.1326	22499050.3438544	3.779013
272.1642	436.9636	22499096.2866347	3.812147
282.7148	446.0304	22499110.1311331	3.829221
282.3756	446.3621	22499125.639993	3.845279
276.917	442.5905	22499140.8627009	3.862223
276.6306	481.4277	22499152.2623861	3.878413
280.4081	479.7925	22499169.2311545	3.895223
271.932	475.643	22499185.2302086	3.912225
255.8371	431.5817	22499198.8636854	3.928113
238.0687	423.5132	22499243.6322985	3.961276
249.8326	454.9338	22499259.3037353	3.978239
248.0867	413.0463	22499290.2290817	4.008503
250.6661	409.5285	22499307.2109876	4.025241
243.3811	416.7844	22499320.4519805	4.041637
249.339	419.1239	22499334.1154272	4.058232
252.6562	413.9956	22499349.8324348	4.075232
251.6927	453.8993	22499377.8708079	4.108237
248.9525	453.4866	22499395.2045535	4.125236
247.3109	444.2825	22499422.4908027	4.141242
233.1916	399.2922	22499443.139723	4.161351
231.1147	398.323	22499459.2734368	4.17909
220.2527	438.3168	22499469.122893	4.19624
215.7565	437.6772	22499484.6855346	4.212497
252.5205	449.4273	22499502.2007424	4.22907
251.7246	453.7367	22499531.3196777	4.262243
248.8478	410.0746	22499559.0665617	4.278769
286.299	404.6425	22499576.7763692	4.295335
327.6192	414.8625	22499592.7097356	4.312249
404.1075	481.8723	22499602.5255268	4.329248
415.8875	486.9156	22499619.4795155	4.345248
430.2601	485.6211	22499634.2038182	4.362258
494.2491	474.796	22499682.376695	4.378253
489.4842	476.5817	22499692.7179876	4.415111
500.9346	482.7192	22499713.1513703	4.431683
505.758	484.8691	22499730.1763837	4.448265
502.8303	487.8329	22499739.1489094	4.465264
498.9666	487.9224	22499755.3996294	4.481382
493.3925	480.7956	22499781.7112378	4.498259
497.3977	523.2308	22499800.5048919	4.53126
508.0506	492.7823	22499828.937391	4.54826
507.0001	493.9958	22499846.7256131	4.56426
504.1125	491.1082	22499862.0784647	4.581256
498.1459	486.7768	22499874.248338	4.59735
497.0942	487.9644	22499888.6015053	4.613918
499.5034	528.6774	22499904.5365139	4.631262
500.476	529.2119	22499917.4683642	4.64705
502.3512	533.0549	22499933.3980357	4.66434
504.3381	534.4087	22499952.17691	4.680268
516.8951	499.8006	22499996.413453	4.713315
517.0356	499.7869	22500007.8615829	4.730279
522.1848	508.6527	22500027.177454	4.747276
520.6439	507.8477	22500041.0006039	4.763276
518.4043	506.9588	22500054.1783724	4.779585
518.0105	545.9026	22500068.2868531	4.796274
516.6097	509.13	22500096.0337372	4.812716
522.9208	509.6423	22500145.2654172	4.863276
524.733	512.5571	22500160.9315169	4.879282
525.2715	512.5686	22500176.7478772	4.895551
521.2572	509.0928	22500187.3740901	4.912281
520.9915	510.507	22500207.5845452	4.929281
517.9843	509.6672	22500220.8033685	4.945288
510.4501	503.906	22500232.7285551	4.961815
509.1251	540.1171	22500249.2022027	4.978383
505.8421	500.386	22500277.3304858	4.99528
503.155	501.0113	22500310.8102616	5.028296
502.8942	498.8518	22500322.2284215	5.044649
507.1682	484.0423	22500339.9677884	5.061293
504.0768	482.4245	22500355.0915543	5.077783
502.5847	520.3589	22500367.1378526	5.094348
503.7159	485.2797	22500384.6904202	5.110916
505.6852	524.7072	22500399.9660887	5.127482
505.256	527.9882	22500432.1678287	5.160615
508.0838	499.9758	22500460.198812	5.177295
509.8795	504.4509	22500477.1421264	5.194312
509.1792	497.7547	22500494.2086052	5.211307
505.1936	515.6888	22500502.0471974	5.228307
503.3235	477.9838	22500521.2464729	5.244305
503.9315	477.2015	22500536.2458427	5.261301
496.5584	477.747	22500548.3492072	5.277311
497.4359	480.1964	22500591.6751547	5.310299
498.4776	514.1903	22500624.1392349	5.344309
497.8532	513.7234	22500636.2241247	5.364419
500.0535	468.7151	22500654.8047044	5.381308
496.4781	469.5541	22500700.8070141	5.399484
502.9019	510.5829	22500729.3967531	5.458887
501.8118	509.9476	22500746.1183717	5.476668
494.4068	507.7291	22500761.7713338	5.492028
439.3835	461.9925	22500790.3035961	5.508592
436.2891	465.9482	22500807.4612166	5.525546
431.3824	468.4866	22500819.2546173	5.542362
421.7908	475.4253	22500835.1699196	5.558324
418.5143	478.2133	22500851.487559	5.574858
413.4099	520.7273	22500879.8244004	5.60932
313.7581	473.8247	22500907.1344614	5.625323
298.8968	473.6976	22500924.3323156	5.64186
294.1574	473.8445	22500941.2025525	5.658426
277.3323	466.1318	22500952.5427083	5.675326
262.7135	461.4775	22500969.6798013	5.691561
261.8921	459.9218	22500984.5798185	5.708323
263.2719	496.7234	22500996.1732824	5.724695
258.9544	489.1656	22501030.6276991	5.757827
257.8853	446.9485	22501045.3651393	5.774395
264.6794	491.9484	22501059.5048217	5.790961
301.9077	439.8348	22501086.9450264	5.807528
375.5611	437.6667	22501119.8159596	5.840661
373.6328	437.8008	22501132.864816	5.857331
385.515	430.4089	22501150.3315791	5.874334
391.5933	465.5345	22501179.5010118	5.908207
393.3906	428.7594	22501195.4544951	5.924779
400.3821	429.2775	22501222.0243381	5.941347
397.9675	429.941	22501239.3129234	5.957912
400.3479	429.8154	22501254.6945133	5.974478
406.9516	440.7846	22501266.3704974	5.991348
417.4012	465.6712	22501284.2161962	6.00834
417.9294	499.9219	22501300.2246929	6.024345
418.7227	506.5612	22501331.5564818	6.057395
414.8015	519.9658	22501346.2323398	6.073879
416.0213	518.6673	22501360.2254565	6.090446
413.4396	465.5883	22501389.1965946	6.107358
413.3971	465.0667	22501402.095601	6.12435
413.3926	463.5009	22501419.6518635	6.140557
414.2255	456.6181	22501434.8942777	6.156713
413.456	483.5882	22501448.4940895	6.173355
409.1769	435.7483	22501483.3643913	6.206426
410.8212	468.9736	22501493.059892	6.223353
411.2975	475.4059	22501508.8594198	6.239546
413.2161	437.2821	22501538.1959455	6.256354
413.7609	442.1194	22501554.6232011	6.272688
408.6796	445.0486	22501570.9917484	6.289362
403.0891	448.8513	22501582.7588741	6.306362
406.5377	447.6967	22501599.3569177	6.322429
407.7891	477.9664	22501629.6672632	6.356388
408.4152	474.378	22501646.3145725	6.372434
406.1164	430.415	22501671.6884893	6.389379
405.8378	426.1981	22501687.9075972	6.405414
406.0863	430.1478	22501701.7869921	6.42178
407.9199	477.0008	22501716.94976	6.447006
408.2831	479.9887	22501735.3821319	6.463577
409.9234	478.1993	22501748.7828279	6.480376
412.4594	440.366	22501796.2684475	6.514311
413.9302	441.1663	22501808.6128036	6.531374
412.3552	437.4679	22501824.8298587	6.547449
409.0566	436.3088	22501839.6173857	6.564015
404.9638	470.1132	22501851.5294349	6.581371
400.0452	424.5441	22501868.6981401	6.59715
401.4739	466.7917	22501885.1717876	6.613717
402.9378	466.8617	22501899.8328659	6.630379
409.9502	423.35	22501929.7416955	6.647452
406.1804	414.0758	22501941.9008945	6.663415
410.0899	412.8932	22501959.683369	6.679983
412.8879	409.2116	22501977.2856129	6.696548
413.7172	408.144	22501988.2669498	6.71339
414.5375	406.6831	22502003.8903525	6.729682
412.1934	446.0127	22502019.4858379	6.746383
435.5615	455.5334	22502031.6405209	6.762816
442.3416	457.2881	22502048.0874828	6.779387
443.8146	417.0957	22502078.3555419	6.796389
436.4674	416.9637	22502095.3464799	6.812515
425.6659	418.184	22502122.3646413	6.845649
413.8611	432.6972	22502140.808098	6.862396
408.8257	427.3116	22502168.1546978	6.883291
407.0644	423.459	22502185.9178764	6.902278
403.6786	421.7441	22502201.6201044	6.918858
402.7563	417.2164	22502230.0468558	6.952407
404.5037	453.4211	22502243.8519416	6.968547
405.4062	452.5116	22502258.0400687	6.98512
408.4297	412.7998	22502275.9489919	7.00168
409.1519	450.5295	22502288.6599673	7.01845
412.9713	414.9033	22502319.4568122	7.034817
412.2129	451.9757	22502333.6157903	7.061896
412.6712	451.7097	22502346.7258184	7.078471
414.05	413.3515	22502378.7887932	7.095033
414.4524	413.226	22502391.434081	7.1116
411.3187	413.0694	22502409.3384882	7.12841
407.1257	415.962	22502425.2221783	7.144732
406.3743	419.627	22502437.7931569	7.161299
399.8324	432.4671	22502454.1247549	7.178414
401.0261	430.3421	22502469.1980233	7.194433
401.2187	467.2087	22502481.6101198	7.210999
399.3477	466.3769	22502498.9364755	7.227567
396.0277	429.148	22502527.2839912	7.244414
399.8177	459.5823	22502549.3480704	7.277415
408.0798	420.8211	22502574.5146605	7.294431
415.6599	415.7863	22502589.9336103	7.310462
417.8012	404.5483	22502604.6377961	7.326977
417.2229	401.5514	22502616.2735465	7.343533
416.7437	441.8216	22502633.367532	7.360428
417.9223	444.8125	22502649.3136254	7.376667
419.7135	440.8899	22502683.4182552	7.409799
426.0564	394.7058	22502706.0924086	7.426449
426.2684	395.4905	22502725.6303861	7.448016
426.1473	439.4834	22502742.3351722	7.4646
431.5358	405.8623	22502753.3292361	7.481454
439.0223	450.3601	22502767.371208	7.498025
438.253	451.1846	22502782.4884051	7.514593
427.6062	422.5888	22502799.324977	7.531433
424.2124	423.8693	22502830.9810988	7.547728
428.725	417.9619	22502843.0060486	7.564428
424.7791	416.8447	22502859.84221	7.580858
427.8627	412.4961	22502874.5550173	7.597428
434.325	401.0452	22502885.9124162	7.613991
434.1767	401.755	22502904.3998015	7.630558
422.8527	422.9787	22502931.7464012	7.647433
421.99	462.419	22502948.6080166	7.68044
420.6493	411.2934	22502978.592387	7.696827
420.511	413.7865	22502994.0351487	7.713458
422.0204	412.4999	22503009.561662	7.730443
425.9272	416.2319	22503020.8143712	7.746525
430.8952	419.2389	22503042.0076781	7.763441
432.1945	455.2054	22503055.9351071	7.779662
432.5386	457.3829	22503068.3439193	7.796449
432.222	464.779	22503083.3100347	7.813466
432.1418	470.8953	22503099.2364218	7.829483
432.0312	433.9626	22503144.5137039	7.862499
438.9168	437.6042	22503156.4762504	7.879447
441.9428	434.3904	22503174.6565458	7.895625
441.5685	468.5003	22503189.1956914	7.912187
440.3229	427.2276	22503202.1891238	7.929255
430.9164	458.3076	22503219.4276222	7.945829
433.5928	429.4499	22503248.4706062	7.962471
431.1984	429.6092	22503281.4363759	8.00346
432.7358	471.1086	22503292.7785845	8.019539
430.3021	473.1537	22503310.3442896	8.036455
431.5934	423.1806	22503336.1529767	8.052677
427.73	426.5844	22503352.8425725	8.069237
430.1126	426.3344	22503369.9952664	8.085804
432.8597	425.3378	22503382.4915253	8.102462
437.928	419.7865	22503398.649872	8.118937
438.2026	423.4768	22503427.1603752	8.152473
440.8864	423.865	22503443.9082688	8.168637
443.5648	461.0294	22503458.8534463	8.185466
437.9746	468.0525	22503470.779454	8.201771
407.4185	469.1802	22503486.8487118	8.218464
301.9142	444.6553	22503517.0605259	8.234905
300.2349	443.8779	22503533.4097774	8.251477
276.1452	448.2491	22503548.8266745	8.268038
268.1045	446.847	22503580.5382202	8.301474
263.3419	444.1988	22503595.5601701	8.317738
267.5524	486.5547	22503606.3198111	8.334469
268.1089	484.6761	22503625.3630784	8.35087
271.7264	445.3925	22503639.9917234	8.367473
272.0329	482.2623	22503653.3645021	8.38448
274.3751	448.6806	22503682.7055439	8.400572
277.4929	450.3062	22503696.0155089	8.417472
281.8128	493.6971	22503742.4447885	8.45048
283.6264	457.8463	22503760.0429269	8.483498
272.4574	491.6921	22503774.2482969	8.500508
265.5471	485.0974	22503786.7819157	8.516635
265.385	484.3728	22503805.149421	8.533507
265.3012	444.7693	22503830.79471	8.550494
268.8088	443.0056	22503847.3935747	8.566508
268.2637	439.2472	22503878.1538808	8.599497
269.9276	440.4888	22503894.0457818	8.616497
267.2047	442.365	22503909.1773481	8.632603
266.6549	481.7883	22503921.1320942	8.649495
263.7807	485.9119	22503938.3705926	8.665735
266.4101	487.7769	22503953.828955	8.682304
267.0745	449.226	22503982.6531169	8.698883
267.496	448.5885	22503998.3508288	8.715496
269.5179	450.3682	22504030.9586008	8.748569
272.9489	451.8885	22504045.6467752	8.765137
275.2452	454.0197	22504057.8503134	8.781702
276.2852	455.1975	22504074.8921593	8.798503
277.731	492.5568	22504089.1073825	8.815496
281.6252	491.6056	22504102.4091365	8.831508
281.347	482.131	22504118.7017324	8.848506
279.2997	443.0848	22504146.2585327	8.864536
277.1487	434.9379	22504178.8400296	8.897669
276.8514	435.0681	22504191.9307619	8.914503
271.1084	439.8876	22504209.3482592	8.930803
276.5682	454.9259	22504224.826328	8.947508
275.6196	456.7156	22504237.3776003	8.963937
276.5019	498.4818	22504253.3622852	8.980533
277.9234	457.9771	22504279.8672616	8.997518
277.5642	456.9423	22504298.0044495	9.013637
271.4618	452.2947	22504327.556513	9.046769
260.904	437.6063	22504343.4307605	9.063514
262.144	439.5252	22504359.2372676	9.080522
257.1099	433.5103	22504370.9144833	9.096523
256.0432	436.8021	22504388.9145481	9.113533
256.9813	484.4872	22504403.6918115	9.130521
257.4488	483.8291	22504416.2110611	9.146523
259.3551	481.1309	22504432.8973725	9.162736
269.8432	485.8938	22504449.7827996	9.179304
254.5408	445.3531	22504493.5533706	9.212528
259.1868	448.7684	22504506.216312	9.229003
235.5915	448.1627	22504524.833841	9.245569
203.4688	440.4683	22504538.8113569	9.262538
204.7602	440.7942	22504550.2652345	9.278703
201.219	479.9095	22504568.129408	9.295269
193.573	434.2631	22504595.9107781	9.311836
198.0445	442.6969	22504628.5542677	9.344969
199.271	442.096	22504641.7156142	9.361537
197.9846	432.8734	22504675.0233704	9.39467
198.1492	433.7684	22504688.484417	9.41153
179.4859	437.1141	22504703.9448322	9.427809
181.1368	442.6928	22504718.6757036	9.44437
192.5148	446.8042	22504746.7346041	9.460936
180.1679	472.4165	22504778.4974684	9.501451
181.2774	433.5515	22504794.8582152	9.519712
175.3808	461.5166	22504809.690492	9.53658
172.707	458.9483	22504823.6483016	9.553596
176.8455	458.7267	22504839.2031428	9.569594
195.7902	432.5116	22504866.6815285	9.585984
191.9644	435.4626	22504883.4072525	9.602566
193.0513	434.9434	22504899.2289499	9.619545
196.4447	438.9081	22504929.0901559	9.65255
197.667	438.0147	22504943.1854991	9.668819
198.2394	477.22	22504956.9630782	9.68555
203.4475	481.8132	22504975.1281833	9.701952
207.8486	446.6129	22505000.5000474	9.718553
210.7926	441.8423	22505018.6955331	9.735552
207.8103	441.5905	22505035.4442478	9.751651
199.205	434.1473	22505045.9062415	9.768562
196.3461	426.8324	22505079.4931703	9.801576
195.7016	463.1292	22505092.4590961	9.818561
189.4539	422.4958	22505109.1638821	9.834608
191.2335	428.9049	22505134.5960968	9.851051
198.3276	440.687	22505167.9481921	9.884571
198.4818	440.1505	22505181.4934011	9.90076
200.2822	442.2953	22505198.5241622	9.917318
210.2705	456.3953	22505227.0157802	9.950569
211.2103	454.8615	22505243.8133501	9.967566
211.0956	448.4951	22505260.5312737	9.983584
216.9273	449.8082	22505272.0803984	10.00058
228.6547	451.7784	22505290.9430246	10.01672
234.2776	450.3549	22505315.5841133	10.03328
236.6488	448.1163	22505333.2384968	10.04985
257.0413	445.5186	22505348.9226606	10.06642
259.1998	444.2079	22505378.86885	10.09539
254.6996	442.6228	22505394.8104274	10.11196
254.6558	442.0723	22505407.7816903	10.12857
259.5657	443.0099	22505423.9383948	10.1451
259.3279	442.9387	22505442.4750459	10.16258
261.0034	486.3767	22505451.5173647	10.1786
261.7332	486.0195	22505470.7630321	10.1956
263.7567	486.8131	22505485.5932562	10.21233
263.272	447.8097	22505499.4365229	10.23195
258.2093	449.5074	22505530.5712488	10.24865
255.9661	440.3708	22505542.4545595	10.2651
264.3721	447.3321	22505559.077236	10.28166
264.0645	446.6234	22505576.749273	10.2986
263.8049	484.2042	22505586.4632484	10.31559
262.3152	444.6097	22505605.9343066	10.33136
247.0974	458.8073	22505630.6562732	10.34859
242.3802	462.5757	22505647.8923083	10.36459
235.8715	462.3778	22505678.8595306	10.39765
234.7161	457.2877	22505694.9099032	10.41459
235.5426	495.0642	22505709.339843	10.43076
236.4756	452.9611	22505724.7280017	10.4476
237.8613	448.4068	22505751.6406523	10.46389
241.1805	490.223	22505768.4562863	10.49645
243.8006	489.2545	22505783.5578825	10.51365
249.7431	486.7498	22505800.4843645	10.52961
254.7318	446.2926	22505844.9031907	10.56272
259.5657	444.8395	22505857.2886017	10.57929
277.5215	450.3965	22505874.1485748	10.59586
277.6964	451.6483	22505888.3305437	10.6126
281.2606	494.2125	22505901.1540093	10.62961
286.6405	486.3281	22505917.7270094	10.64561
288.8779	446.2067	22505945.5301385	10.66262
288.1258	448.2581	22505978.0787915	10.69562
289.9897	447.2692	22505991.0118735	10.71182
294.1035	442.7511	22506008.9220283	10.72863
297.0751	445.7908	22506023.9238614	10.74568
297.0268	482.3526	22506035.1954557	10.76164
293.9153	446.53	22506053.6352175	10.77809
293.843	484.8005	22506068.7446141	10.79466
294.4944	491.3653	22506081.5147085	10.81162
294.2746	492.8026	22506097.6898877	10.82779
301.477	450.8383	22506125.9236816	10.84462
304.8975	452.4363	22506142.4560375	10.86092
304.1302	453.6844	22506158.4099313	10.87771
303.0391	451.5958	22506171.8459345	10.89406
302.6987	449.7413	22506187.0509888	10.9107
301.3419	450.5708	22506202.9018351	10.92719
301.938	490.9851	22506215.556155	10.94376
304.1021	487.438	22506232.1295657	10.96032
304.8759	447.8237	22506247.672501	10.97689
296.7738	457.4004	22506292.8738316	11.01002
293.9398	459.5565	22506306.653874	11.02671
292.4832	461.459	22506324.548428	11.04372
292.5274	462.7948	22506338.7706306	11.05972
292.5662	463.2845	22506350.1814006	11.07629
292.3199	460.3202	22506368.2315523	11.09286
296.7385	497.661	22506381.9364644	11.10966
300.6308	500.5401	22506394.5226333	11.12599
305.1101	465.8551	22506439.8959836	11.15966
304.1233	464.5019	22506458.3846005	11.17571
302.0777	460.7417	22506472.7082084	11.19273
295.2471	451.8401	22506485.1145573	11.20967
295.8931	449.5877	22506502.1584559	11.22571
299.1055	488.7487	22506516.8848113	11.24196
301.1042	488.2365	22506529.5506265	11.25866
299.7852	489.315	22506547.4932147	11.27509
299.395	490.5677	22506576.0119289	11.30822
270.2363	461.562	22506608.4193534	11.32479
255.482	462.14	22506619.7381607	11.34173
195.3952	465.0105	22506637.3629848	11.35792
181.3313	470.1332	22506652.9206998	11.37449
162.978	471.244	22506665.2412441	11.39106
161.4421	470.8622	22506683.8784794	11.40773
132.8782	465.4448	22506698.4890603	11.42468
127.2497	499.3276	22506729.3881316	11.45732
132.998	456.3984	22506754.6056297	11.47389
139.8721	488.6075	22506773.9313539	11.49067
142.6798	482.2144	22506790.2580253	11.51608
150.9355	468.0258	22506803.0203192	11.5327
144.7896	446.9925	22506832.7431706	11.54923
144.6499	450.1188	22506845.5112123	11.56579
152.61	452.4098	22506879.1531545	11.59892
149.9794	490.0135	22506890.8944157	11.61574
155.8215	442.8849	22506908.7557153	11.63206
159.0598	443.6957	22506923.5046509	11.64872
160.5269	443.5438	22506935.5410961	11.66519
167.7508	474.4012	22506952.4174911	11.68176
159.1145	441.0411	22506979.7681964	11.69869
160.0123	440.1682	22506996.618727	11.71575
156.3254	440.688	22507026.7094293	11.74875
151.0622	446.2131	22507043.3029569	11.76471
152.6838	438.8388	22507058.9152748	11.78116
152.8559	481.261	22507070.3654575	11.79772
151.7597	443.7863	22507088.4919711	11.8147
154.6243	445.4535	22507114.6483924	11.83086
176.7438	447.2466	22507147.21552	11.86399
191.1491	447.881	22507177.9117806	11.89712
199.3797	440.1735	22507193.3857439	11.91376
209.6036	428.8972	22507205.9238787	11.93076
212.8121	429.5335	22507224.0926787	11.94683
216.9753	428.0165	22507239.0514043	11.96377
223.0869	428.7538	22507250.1830018	11.97996
240.881	424.6738	22507267.4182158	11.99671
245.3008	424.9259	22507294.4532096	12.01309
249.359	426.5951	22507327.9662398	12.04622
247.7894	426.966	22507341.3016587	12.06279
241.8279	427.7657	22507358.9564528	12.07972
235.7959	421.0375	22507373.1449904	12.09592
237.5571	460.1189	22507384.6362278	12.11272
238.5162	423.0337	22507403.0685997	12.1297
244.7599	434.3557	22507429.328479	12.14571
243.5291	476.7771	22507447.1318914	12.17876
249.9189	445.5921	22507476.2483635	12.19572
245.703	439.9632	22507492.584888	12.21278
246.9849	432.3831	22507508.9029378	12.22878
245.6444	431.5087	22507521.0046601	12.24502
249.7328	436.6354	22507537.780471	12.26175
248.1233	436.4893	22507554.6375703	12.27816
244.9711	441.9582	22507567.8001485	12.29473
245.3219	450.5288	22507583.0166982	12.31172
244.8831	452.4984	22507597.4626494	12.31172
248.995	456.9497	22507644.067233	12.36099
250.9155	456.4158	22507655.1684499	12.37779
259.3715	454.9113	22507673.1607143	12.39413
249.185	448.3165	22507687.2055601	12.41076
213.8682	499.3246	22507700.1472636	12.42774
183.6199	490.6641	22507718.2926624	12.44382
187.4393	529.1814	22507732.9315711	12.46039
164.3102	544.1065	22507745.2517049	12.47696
156.3406	560.7778	22507789.8355714	12.51009
127.1694	428.1029	22507811.667691	12.5306
126.8033	411.3319	22507824.3285796	12.54717
125.1195	404.9584	22507835.0430603	12.56374
121.3401	416.3575	22507852.4326404	12.58073
122.0913	381.159	22507879.6905618	12.59687
126.108	381.7193	22507897.1224283	12.61376
127.8746	382.482	22507925.966707	12.64676
126.5036	385.2066	22507942.4395335	12.66314
131.1366	401.1371	22507958.4804635	12.67978
128.7839	434.2317	22507969.6268406	12.69627
129.0681	455.8208	22507989.6603496	12.71284
131.5905	441.4429	22508002.9091429	12.7294
133.2497	501.6056	22508014.4841321	12.74597
137.2838	464.0761	22508032.7325785	12.76291
142.1746	484.5013	22508046.629627	12.7791
143.7463	481.0989	22508077.9232349	12.79576
145.6481	482.2453	22508093.0535695	12.81224
146.6743	481.5344	22508105.0559392	12.82881
144.3203	477.9123	22508124.1919903	12.84537
141.5883	475.0261	22508137.6103399	12.86194
136.9274	468.527	22508149.5203363	12.87874
136.4381	504.2202	22508167.8118902	12.89575
141.0073	467.3615	22508183.1224554	12.91176
138.9097	504.9503	22508194.8867072	12.9282
140.8158	466.1375	22508242.643699	12.96134
143.1531	477.4018	22508258.1985402	12.97791
159.5607	489.0706	22508272.9585605	12.99477
170.2209	481.0836	22508285.0442714	13.01104
173.0318	477.8599	22508303.2147137	13.0276
171.2705	513.2072	22508318.222705	13.04417
165.1877	513.0746	22508330.6569712	13.06078
162.688	508.1331	22508347.0788897	13.07777
158.0679	471.297	22508375.701062	13.09387
153.2901	479.3595	22508392.6858417	13.11076
157.3593	512.8784	22508408.0091339	13.127
157.1721	513.387	22508420.7172355	13.14697
156.7817	480.6511	22508438.4685083	13.16382
160.4997	478.8943	22508453.4489929	13.18011
160.4828	476.9644	22508464.2899224	13.18011
162.9395	471.8939	22508497.0738194	13.21377
151.3962	465.3233	22508527.4543686	13.24684
149.6599	468.4841	22508542.7008883	13.26294
153.4019	468.6314	22508555.8733197	13.27976
145.5163	475.5842	22508573.8861115	13.29607
147.1356	476.524	22508590.7271995	13.31264
145.5896	517.0491	22508601.8111734	13.32977
149.5347	513.4197	22508618.2215965	13.34578
153.5193	472.9596	22508644.5011822	13.36234
153.4532	469.3172	22508678.0363819	13.39579
153.1373	467.9359	22508690.9555052	13.41204
154.6872	469.0995	22508709.1748027	13.42861
142.9039	479.6693	22508724.2993896	13.44585
144.1882	477.8949	22508735.8731472	13.46185
144.6392	463.632	22508752.9946395	13.47831
146.5205	500.4513	22508768.415642	13.49487
144.2164	506.0191	22508780.1651142	13.51178
145.582	467.1898	22508796.9799271	13.52801
132.2551	462.0609	22508830.7179375	13.55028
131.343	466.0135	22508843.4785893	13.56691
129.8101	463.147	22508858.0817803	13.58342
134.2614	497.4857	22508870.1358791	13.59998
137.6403	493.8638	22508886.8747406	13.61682
144.5007	470.806	22508915.450521	13.63311
145.3939	475.9426	22508931.830153	13.64968
147.5432	475.5936	22508947.2109219	13.66687
147.8506	477.429	22508978.7208886	13.69938
148.2948	473.72	22508993.1381014	13.71684
162.3374	475.7919	22509006.7941582	13.73281
153.9655	472.2102	22509024.3779275	13.74908
150.9503	506.5883	22509038.5057039	13.76581
145.9084	505.1847	22509050.1365277	13.78222
144.4164	471.6809	22509082.3600268	13.79879
150.1174	473.833	22509095.5213733	13.81588
143.544	473.5981	22509128.0958909	13.84881
146.4242	474.213	22509141.4863232	13.86505
151.4632	474.6674	22509159.3734874	13.88187
153.397	476.3945	22509173.9844788	13.89818
156.2385	515.2538	22509185.7433936	13.91481
153.572	516.8918	22509202.7774391	13.93181
151.2361	476.6273	22509229.444582	13.94788
153.2884	471.6041	22509247.1556211	13.96488
149.1817	466.4355	22509276.236786	13.99788
152.8284	463.6115	22509293.544667	14.01415
156.3826	465.7892	22509308.8679592	14.03088
157.2908	465.2393	22509320.829274	14.04728
161.5443	458.5964	22509340.1262599	14.06388
194.4762	452.9787	22509364.5920446	14.08091
288.567	468.1436	22509397.4379344	14.11382
309.5695	471.8668	22509428.2434007	14.14689
324.2949	479.4478	22509443.3486919	14.16388
365.6301	495.2823	22509457.7724735	14.17981
364.5602	498.5757	22509473.4804491	14.19689
363.2849	496.1083	22509488.2827559	14.21382
361.1772	531.9047	22509500.0539871	14.22982
361.2579	529.5814	22509518.2465989	14.24608
363.1306	486.7433	22509544.3192684	14.26283
367.9103	492.2965	22509577.8421517	14.29584
365.9577	485.3627	22509591.2830814	14.31291
367.2599	485.9491	22509623.3435929	14.34591
360.6082	484.6205	22509635.7786802	14.36205
547.5865	465.5994	22509679.4108965	14.39518
586.3962	456.5463	22509725.8463344	14.44488
586.8908	456.066	22509742.5392145	14.46145
557.5276	452.1077	22509758.156459	14.47802
551.2935	451.611	22509770.700752	14.49458
550.3423	450.2963	22509789.9952746	14.51115
564.522	447.639	22509802.4110661	14.52795
570.7799	435.2885	22509831.4216167	14.54485
565.3541	432.4297	22509849.3219185	14.57815
549.4402	428.9144	22509877.959281	14.59473
549.236	425.7915	22509892.8843417	14.61158
547.4321	427.9483	22509906.728019	14.62786
559.6888	433.847	22509923.732505	14.64466
564.1173	433.8261	22509939.0594921	14.66099
568.9017	437.2509	22509950.1890368	14.67761
576.8268	477.081	22509967.7999022	14.69459
574.8588	440.8712	22509994.9399964	14.71069
575.5086	443.0785	22510042.0532489	14.76061
562.3096	439.8909	22510057.9385812	14.77696
519.5599	442.3783	22510073.1403512	14.79359
468.5328	441.4199	22510085.3295202	14.81069
389.8727	439.8022	22510106.4977837	14.82666
379.426	441.467	22510120.495827	14.84368
343.0506	484.8431	22510129.9819482	14.8598
267.9948	486.7578	22510147.6084144	14.87661
264.3534	443.2818	22510175.8430295	14.89361
271.5149	452.5486	22510192.9485103	14.9096
275.0866	451.3713	22510207.9589649	14.92668
284.0585	455.7087	22510220.7007315	14.94263
284.3903	454.4281	22510239.8733213	14.95963
283.5028	455.1425	22510253.0256358	14.97576
276.5486	493.6755	22510266.0790083	14.99263
278.0418	456.0081	22510282.4758834	15.0089
281.6038	493.4465	22510297.2408303	15.02546
280.8653	455.1755	22510342.532071	15.05863
278.8354	455.7006	22510355.0439307	15.07516
271.5309	457.9457	22510373.0230576	15.09173
271.7625	458.1126	22510386.9985208	15.10829
274.0542	458.1767	22510400.550709	15.12486
274.2983	455.9595	22510417.4776015	15.14143
274.0007	455.1292	22510432.7323322	15.1587
274.0282	489.4771	22510445.1998527	15.17463
296.2774	441.466	22510490.5042309	15.20769
300.961	443.0529	22510507.6647252	15.22426
307.7407	447.7038	22510523.0631476	15.24082
312.4107	448.9195	22510534.5954399	15.25739
331.1817	462.3919	22510552.0925835	15.27396
339.6384	456.0849	22510567.4433824	15.2907
338.6617	495.3951	22510580.6839647	15.30764
337.8316	459.4007	22510598.037006	15.32367
344.2678	493.3924	22510625.2296503	15.35679
340.1723	456.7876	22510657.2959094	15.37336
330.4404	454.6778	22510669.4070743	15.38993
330.2708	454.8834	22510686.34382	15.4067
339.0764	458.5657	22510705.9897716	15.42306
365.7751	517.9312	22510715.9669082	15.44005
366.4156	481.6011	22510733.5445192	15.45667
365.9828	480.9933	22510747.8574528	15.47319
364.7818	481.4796	22510778.6990474	15.50632
335.8699	482.2362	22510806.4828808	15.52363
173.2978	497.2904	22510848.6699683	15.55602
150.9737	506.889	22510868.2884132	15.59282
151.1451	500.7384	22510882.9486704	15.60968
164.7215	530.6166	22510894.9773152	15.62596
148.8295	504.4218	22510939.7414123	15.6591
136.4756	519.077	22510957.3177916	15.67573
132.3344	509.2344	22510972.8159772	15.69223
134.5493	503.7164	22510983.8749077	15.7088
145.2532	499.405	22511003.0199908	15.72573
151.124	499.7308	22511017.7841166	15.74193
154.8694	537.6329	22511029.5668432	15.75867
150.0382	539.1635	22511047.9754032	15.77506
157.6388	502.3825	22511075.0748532	15.79167
157.2157	502.7466	22511091.5431636	15.8082
156.8719	506.5796	22511107.8550552	15.82476
161.5261	509.9167	22511120.6464981	15.84174
161.4486	509.5224	22511138.6358887	15.85873
161.972	510.1707	22511154.3032201	15.87475
162.1099	514.5918	22511165.6006789	15.89104
160.5904	517.2319	22511182.0361455	15.9078
157.5814	558.8265	22511197.8882234	15.92416
172.4212	523.7614	22511227.771599	15.9573
168.2765	520.0838	22511255.0155618	15.97386
177.0416	520.1155	22511272.6990942	15.99075
167.159	509.3304	22511288.6743365	16.007
163.2598	501.9271	22511299.7295721	16.02375
158.8866	497.8557	22511317.0694758	16.04013
159.8927	500.6513	22511332.4596873	16.05672
156.9293	545.3301	22511347.63354	16.07326
151.4857	515.0134	22511390.3054846	16.10668
159.5147	514.4542	22511423.0803496	16.13968
156.8732	552.3763	22511435.5195423	16.1561
155.7957	515.2939	22511454.9791052	16.1765
159.1876	513.6877	22511467.9072605	16.19307
156.9452	513.201	22511480.0401844	16.20969
145.8385	514.9505	22511498.1285171	16.22669
131.7608	509.1812	22511525.1569422	16.24277
117.8509	508.0062	22511541.513173	16.25975
99.76479	508.7857	22511557.1973369	16.2759
67.03094	498.5525	22511569.6352979	16.29247
58.20622	499.3471	22511588.0598694	16.30904
62.33709	502.2246	22511602.3374959	16.32576
63.18315	542.165	22511615.1757412	16.34217
69.05225	501.2401	22511633.4787905	16.35882
66.81725	542.0625	22511648.4116515	16.37569
72.44723	504.8291	22511692.2474997	16.4087
73.02866	509.8388	22511705.6502484	16.425
105.3529	508.5454	22511722.2253013	16.44176
112.469	512.8553	22511737.3876587	16.45814
118.0619	512.5566	22511750.2176931	16.47472
127.2639	514.499	22511768.1077311	16.49169
132.7643	514.2708	22511782.0261281	16.50784
137.3386	552.9788	22511796.0586575	16.5244
144.4862	515.4458	22511840.6178911	16.55771
136.132	518.0782	22511872.6012196	16.5741
141.0163	522.5679	22511885.4062105	16.60916
137.5712	523.8144	22511902.6377296	16.62573
137.9514	521.3246	22511916.7790542	16.6423
138.6786	513.5687	22511929.4530803	16.65886
138.2394	551.5362	22511948.0131326	16.67573
140.8612	507.3349	22511975.2271254	16.69199
141.0902	504.4281	22511992.0653395	16.70856
179.751	493.7477	22512008.1764732	16.72579
208.8891	485.7655	22512021.3374093	16.74179
336.7679	445.4804	22512038.1464745	16.75878
372.0568	437.3421	22512052.672893	16.77483
411.4951	421.0546	22512065.829313	16.79178
442.5382	408.3945	22512082.0073661	16.80796
481.8714	395.0768	22512098.6008936	16.82453
499.9817	429.0576	22512128.3200501	16.85775
485.8213	392.5465	22512154.8016253	16.87424
486.1882	396.1993	22512172.0401237	16.8908
490.8694	397.2246	22512188.5819222	16.90736
504.9565	398.1519	22512200.4964346	16.92476
526.2385	402.0146	22512217.2435071	16.94079
528.3975	404.7771	22512232.8890794	16.95706
533.0941	444.211	22512245.2473941	16.97371
580.301	430.8761	22512290.1182337	17.00676
601.9908	433.4401	22512322.8779084	17.0399
613.2367	425.9163	22512335.7461237	17.05646
612.6072	419.1803	22512353.7178608	17.07303
605.9882	418.2736	22512366.7149882	17.08973
602.6849	419.986	22512380.1218424	17.10616
598.0782	419.1737	22512398.6404294	17.12276
609.3481	461.0187	22512426.6069566	17.15586
610.8107	462.4354	22512442.7172692	17.17274
596.6901	430.1851	22512468.9956231	17.18899
585.7579	440.8329	22512488.1604126	17.20556
582.9406	445.5386	22512501.7154747	17.22282
583.993	443.6621	22512514.8181129	17.23882
578.7568	440.344	22512532.503698	17.25526
567.8567	441.6881	22512547.1056574	17.27183
560.5215	477.5613	22512578.9181979	17.30575
573.5107	446.2836	22512605.5286852	17.32175
565.4709	442.2511	22512638.2025553	17.35466
566.0844	444.0117	22512650.1536065	17.37182
569.8234	442.9173	22512667.0874783	17.38779
578.7153	443.896	22512683.1218395	17.40487
588.5475	444.5714	22512694.8442155	17.42093
588.0251	481.1122	22512729.6180385	17.45475
573.7024	478.998	22512742.9440148	17.47075
560.3998	478.7551	22512757.8419793	17.48775
559.8289	440.1089	22512785.46652	17.50376
561.2315	437.9126	22512801.5751904	17.52079
562.5532	430.8137	22512817.1382426	17.53689
563.1348	431.1258	22512830.6153005	17.55377
564.5269	432.1739	22512848.9084967	17.57003
563.4698	428.9009	22512877.7437434	17.58677
559.254	419.8531	22512893.9550507	17.61135
561.7264	424.5374	22512907.7950331	17.62793
560.5135	429.4175	22512919.0493844	17.64481
561.2643	420.5879	22512938.5101789	17.66184
578.3732	426.7634	22512953.0903793	17.67779
576.7419	466.1811	22512964.7873013	17.69476
576.4988	473.24	22512982.8904137	17.71078
574.5656	479.2514	22512996.5846515	17.72778
572.5652	447.7569	22513042.4206893	17.76046
568.2171	438.1411	22513055.27043	17.77702
564.3179	433.7484	22513073.2257451	17.79385
566.3317	433.2307	22513087.541142	17.81085
568.9904	435.3427	22513100.9311638	17.82693
569.4116	435.9502	22513117.7874421	17.8459
572.3985	436.1826	22513144.2554692	17.86282
568.5941	442.0876	22513177.6658624	17.89579
565.5651	443.3557	22513191.6602108	17.91218
564.4683	442.7599	22513209.3872613	17.92885
564.3065	439.8461	22513223.9937367	17.9453
561.649	437.1371	22513235.303512	17.96187
561.4825	436.6132	22513252.8322678	17.97844
564.8529	436.6029	22513279.2851046	17.995
565.0847	468.7582	22513297.5737847	18.02814
559.8381	428.6879	22513325.8999519	18.0447
559.5317	428.6558	22513341.6912688	18.06127
536.4824	432.748	22513357.4665742	18.07786
404.5323	450.5541	22513369.6233099	18.09485
357.7984	456.2978	22513389.0225223	18.11097
348.4931	455.6936	22513406.1867115	18.12781
326.8625	495.2109	22513416.9163825	18.1441
320.3639	495.423	22513433.043117	18.16067
316.6277	497.9075	22513447.3778096	18.17732
316.661	462.5773	22513477.9533691	18.1938
314.7733	463.9325	22513492.9753191	18.21037
305.9553	467.3511	22513506.5927845	18.22732
303.552	470.5882	22513523.451526	18.2435
309.4796	462.3707	22513538.6561698	18.26038
329.913	495.0699	22513549.9675872	18.2773
364.5068	497.3603	22513566.8739523	18.29339
357.8966	501.9729	22513582.0400046	18.30977
366.1216	505.5236	22513594.300609	18.32634
389.0445	496.4468	22513640.5209197	18.36031
386.8327	502.2012	22513658.8728241	18.37639
387.9609	504.2463	22513673.3425871	18.39334
391.1823	505.6579	22513684.9438514	18.40917
391.6638	505.9686	22513703.6763338	18.42574
390.8596	506.1835	22513717.625522	18.44235
390.0966	505.7921	22513730.2580828	18.45933
397.5948	544.977	22513747.2153558	18.47544
395.4362	499.3234	22513775.7821041	18.49234
393.6848	493.0011	22513791.7364085	18.50857
394.4085	494.0127	22513809.0984818	18.52541
397.2244	496.2667	22513821.3262424	18.54232
497.8848	467.5348	22513838.6337128	18.55833
573.6463	465.7281	22513863.741184	18.5754
576.9769	470.4185	22513885.8758774	18.60786
586.0915	511.9817	22513898.1730205	18.62495
597.3268	475.5808	22513941.3704666	18.65795
605.1971	473.5231	22513954.5933954	18.67413
605.5405	476.4157	22513973.3332676	18.6907
600.419	471.4409	22513987.4708973	18.70727
596.067	463.3779	22513999.8222327	18.72395
598.951	466.6705	22514018.2192975	18.74102
597.841	465.2454	22514033.0080562	18.75697
595.4435	500.5781	22514045.1155261	18.77396
603.6263	467.2782	22514090.6145041	18.80696
598.6364	459.5672	22514122.7825791	18.83996
595.1978	455.4372	22514134.816561	18.85637
410.0975	434.386	22514154.7441486	18.87296
385.9607	429.9986	22514169.2291018	18.8895
375.3175	429.0622	22514180.9707735	18.90607
345.8508	426.7151	22514198.7856812	18.92297
328.8764	424.3728	22514227.8216859	18.95595
326.1828	463.4561	22514242.4228242	18.97233
328.5705	427.0491	22514268.6556073	18.98897
338.4794	418.5412	22514289.2055856	19.00547
337.1342	426.2459	22514302.8189455	19.02203
334.3203	425.7359	22514315.7737864	19.03896
333.8076	426.7693	22514332.7002684	19.05517
336.9996	426.5323	22514348.1323557	19.07203
337.4259	463.6103	22514378.4303848	19.10498
339.5724	427.4023	22514395.897969	19.12197
339.8814	465.3356	22514406.3788479	19.138
343.6024	426.6083	22514438.6524338	19.15457
349.7089	413.6412	22514450.0164014	19.17113
347.3622	419.7449	22514467.355484	19.1877
338.354	425.7177	22514482.4776077	19.20427
328.1419	475.5281	22514494.1416859	19.22097
320.6355	438.5727	22514539.5002564	19.25798
303.1816	438.4974	22514557.5467132	19.27453
292.6458	437.8842	22514572.7883063	19.29109
286.6527	433.9953	22514584.5743172	19.30798
276.9106	436.3512	22514603.1163054	19.32423
277.4014	437.7324	22514617.1792153	19.34105
274.9166	443.8521	22514629.0596522	19.35798
276.7141	439.214	22514648.710941	19.374
275.439	477.7621	22514675.9072802	19.40706
278.21	432.7655	22514694.8750066	19.42397
282.9579	431.8323	22514721.0449759	19.4402
281.7402	433.8965	22514737.112181	19.45676
283.9485	433.4564	22514753.418325	19.47405
274.6723	428.1293	22514764.2920983	19.49
274.0167	425.593	22514782.0388551	19.50702
274.6682	422.8119	22514798.0169712	19.52398
275.5461	457.786	22514828.7563394	19.557
285.7998	428.0354	22514855.176743	19.57299
289.2139	426.3586	22514886.3053106	19.58929
291.6167	464.6098	22514900.9528408	19.62609
288.2476	424.9893	22514917.8522265	19.64267
286.1276	427.9813	22514933.0724712	19.66006
280.493	470.238	22514944.5928575	19.67601
275.0091	439.7542	22514989.4948987	19.70899
272.0672	440.5606	22515007.7872738	19.72608
278.1888	433.4586	22515022.5559156	19.74206
276.0891	431.6332	22515034.3135987	19.75863
277.342	431.7827	22515054.7707931	19.7752
277.0806	430.8294	22515069.192522	19.79176
277.6354	470.1954	22515080.9658059	19.809
278.0194	433.1967	22515098.6021252	19.82501
274.2546	435.7305	22515125.2532568	19.84203
274.421	435.4362	22515141.6657327	19.85803
274.5465	432.1162	22515157.650007	19.87459
277.0235	428.5322	22515169.8252174	19.89207
276.0232	426.5075	22515188.4402831	19.90773
279.1904	421.8474	22515203.4433479	19.9243
287.1436	461.5696	22515214.5010467	19.94086
298.5618	427.3187	22515232.3274498	19.95743
311.1311	432.2725	22515248.9542317	19.97403
319.5853	447.7148	22515278.6536819	20.00713
340.3246	446.9913	22515304.7596057	20.02369
364.3569	456.111	22515322.8840666	20.04026
371.7978	461.5982	22515338.3543349	20.0571
367.479	460.2266	22515349.9724317	20.0734
368.1542	459.595	22515367.4125092	20.09006
368.553	460.3261	22515382.8265324	20.1071
367.5703	497.5782	22515395.9907528	20.12309
385.8177	451.0152	22515439.8446651	20.15623
392.5428	454.7967	22515457.2551831	20.17279
401.3331	472.6069	22515473.1610428	20.19004
429.7915	456.7686	22515483.7954666	20.20605
433.2391	463.671	22515501.7331282	20.22311
463.1217	476.3951	22515518.2716423	20.23906
457.9411	473.1683	22515529.6787175	20.25607
479.0382	498.05	22515547.6796034	20.2722
487.0224	544.9768	22515575.92284	20.30533
496.1265	530.5696	22515592.6226994	20.32204
508.4919	485.7498	22515620.1930479	20.33846
516.2675	483.1878	22515639.0051766	20.3551
522.5031	480.6813	22515653.0319583	20.37205
518.0662	482.1053	22515665.5351965	20.38816
515.5989	480.1393	22515682.6053702	20.40473
515.2811	478.701	22515698.5966239	20.4213
515.8451	465.895	22515727.7282862	20.45443
516.1378	464.1734	22515741.8868538	20.47105
511.0618	467.8494	22515755.1923027	20.47105
503.1984	490.8923	22515788.2750786	20.50413
501.5107	489.6626	22515799.2408147	20.5207
500.9585	478.293	22515817.1821712	20.53811
501.7692	476.6548	22515833.6886626	20.55406
505.6528	478.8445	22515845.1799001	20.5704
499.7589	463.7688	22515880.976398	20.60412
490.8682	465.8825	22515922.058701	20.6201
487.2484	467.4452	22515934.8448067	20.66034
469.8327	468.6429	22515954.2727574	20.67692
439.5851	468.1257	22515968.033504	20.69348
421.0532	502.6198	22515979.4611065	20.71014
397.9499	501.3197	22515997.9447969	20.72715
381.9731	468.6974	22516024.8718167	20.74318
379.9405	468.3971	22516042.1895508	20.76021
375.8663	474.6668	22516056.9758462	20.77631
376.7931	477.8453	22516070.4586519	20.79318
375.2501	479.7393	22516087.8794336	20.81021
383.3231	483.1273	22516104.1100367	20.82621
383.9258	483.5581	22516115.9030269	20.84258
384.5388	484.3257	22516134.1153451	20.85915
391.8631	490.9377	22516148.7123779	20.87571
391.3702	479.3729	22516192.8273987	20.9098
394.736	481.6366	22516206.0146098	20.92636
392.1818	480.0675	22516224.3193012	20.94293
385.7006	472.1807	22516240.2239293	20.9595
386.7458	473.5414	22516251.7701802	20.97615
391.88	477.8979	22516270.0251953	20.99263
388.9884	514.8556	22516282.9792152	21.0092
389.2789	516.7834	22516295.21765	21.02576
398.0668	489.6732	22516339.9131855	21.0589
400.5352	493.5437	22516356.9053551	21.07546
400.9604	494.7126	22516372.3304632	21.09223
401.4894	493.2545	22516384.3180531	21.1086
402.0597	490.3554	22516405.0843902	21.12516
402.8682	488.9492	22516417.5260462	21.14217
406.0211	528.5442	22516429.9570279	21.1583
409.1769	529.5048	22516449.1283861	21.17516
411.1358	493.232	22516474.7112719	21.19143
414.4241	496.8777	22516491.6188686	21.20818
412.6763	494.5364	22516506.9766468	21.22523
402.1534	483.6978	22516520.5317089	21.24124
400.8402	482.1833	22516538.7945244	21.25816
399.1711	482.7189	22516553.9187008	21.27523
395.3319	479.6145	22516564.6438558	21.2912
392.9352	474.8652	22516581.700892	21.3074
392.7372	466.6701	22516598.2057412	21.32418
392.6409	506.439	22516628.2250082	21.35717
393.2906	472.6351	22516655.2267477	21.37366
396.8412	473.9765	22516672.3051324	21.39023
398.5257	477.1708	22516688.475385	21.4068
399.2903	479.3872	22516699.5404737	21.42422
398.1696	478.4491	22516717.0601974	21.43993
395.3322	478.5065	22516732.5826053	21.4565
393.586	516.8831	22516744.8776957	21.47317
400.8673	481.7889	22516789.8700575	21.5062
397.9263	524.7409	22516807.5728856	21.53933
398.6789	485.2173	22516833.9497711	21.5559
397.8057	479.2467	22516852.0438515	21.57246
400.3102	479.0733	22516867.4812759	21.58926
402.0416	475.8264	22516883.0759403	21.60559
411.0664	468.0599	22516899.3180388	21.62218
413.5767	467.2047	22516925.5582118	21.63917
403.3573	469.0085	22516957.7312134	21.67455
383.4669	470.1392	22516969.8321146	21.69123
353.1913	469.7525	22516988.2804979	21.70826
259.737	470.3036	22517004.1526926	21.72427
250.7555	470.1051	22517016.4317717	21.74083
241.6293	473.8008	22517033.2437107	21.75739
215.7785	476.243	22517047.9934674	21.7742
198.6973	516.8764	22517078.6700217	21.8072
206.8559	491.088	22517105.5859566	21.82418
224.3453	500.6973	22517123.7551673	21.84023
232.5559	499.2372	22517151.392435	21.87336
241.8965	498.626	22517166.6151429	21.8902
234.046	498.935	22517185.1419408	21.90649
238.0587	498.2342	22517196.1704907	21.9232
238.0056	492.9628	22517231.0855422	21.95621
239.257	494.388	22517241.0335299	21.97319
241.4532	495.7441	22517273.2254167	21.98933
232.6706	498.0609	22517286.2241863	22.00621
170.6533	503.8993	22517302.8887386	22.02246
170.8266	504.093	22517317.7481116	22.03929
169.1981	504.6249	22517332.141102	22.0556
157.718	505.6721	22517346.5295765	22.07228
154.0558	545.942	22517375.491272	22.10529
154.9095	547.8886	22517392.1870259	22.12222
152.2873	513.6135	22517419.5192565	22.13922
150.5291	513.8452	22517438.1257008	22.15527
152.4765	514.2416	22517451.9205228	22.17156
151.527	515.0081	22517464.6039916	22.18828
152.1028	516.9337	22517483.0392373	22.20525
149.344	521.483	22517498.8568292	22.22126
144.7377	530.463	22517529.3905128	22.25439
148.8505	522.6201	22517554.878562	22.27121
174.3261	429.7393	22517589.751327	22.30423
174.9948	428.2297	22517601.8444278	22.32523
175.1124	427.4823	22517617.7712254	22.34224
176.0012	427.3081	22517635.1361726	22.35923
175.7672	469.6697	22517645.0509059	22.37523
174.3026	435.6591	22517691.9732536	22.40823
172.53	434.7284	22517707.285461	22.42459
172.0786	435.7875	22517723.1387706	22.44129
172.2179	435.9272	22517734.8172179	22.45772
173.5641	433.6836	22517754.8659171	22.47429
173.9075	431.0099	22517769.0413171	22.49124
174.4335	464.2841	22517781.5819152	22.50742
181.7941	411.7909	22517800.1514101	22.52426
181.4111	450.6011	22517826.4096472	22.55723
184.27	409.5599	22517857.2766958	22.57369
186.4208	408.9529	22517870.1379318	22.59027
185.9867	409.559	22517888.1265013	22.60682
187.3442	409.3086	22517903.2707946	22.62339
192.3218	410.9653	22517914.6577528	22.63996
193.7295	411.9385	22517933.5175052	22.65652
196.3445	411.7672	22517946.2921156	22.67323
201.5191	413.9727	22517977.7971556	22.69478
201.5529	415.1662	22517993.1294798	22.71135
200.75	415.1104	22518005.512838	22.72791
201.7328	415.4363	22518024.2958179	22.74448
203.4782	415.9778	22518039.2065093	22.76125
207.7854	413.6326	22518051.0885885	22.77761
208.8684	415.1172	22518068.504033	22.79424
207.1401	412.3767	22518094.1673862	22.81075
205.9529	409.2715	22518140.0120455	22.86045
200.7785	408.7099	22518158.5560864	22.87725
196.164	408.0886	22518173.8604933	22.89358
189.9265	403.8483	22518183.9977436	22.91028
193.1565	399.7201	22518202.9371422	22.92734
191.9497	399.6367	22518220.2487182	22.94331
187.3446	440.9529	22518229.6297391	22.96025
181.715	443.6441	22518246.1189875	22.97727
176.9524	401.1388	22518274.9977522	22.99326
173.4336	398.8164	22518292.63284	23.00955
172.6748	394.3001	22518308.2780017	23.02634
174.3818	398.4842	22518320.7791872	23.04324
186.625	393.7881	22518338.3912842	23.05926
186.8475	396.7711	22518353.291712	23.07627
187.6465	442.5382	22518364.0805019	23.09238
188.2714	413.9698	22518382.9657082	23.10928
190.3255	416.1535	22518398.4901688	23.12551
203.8507	408.4004	22518442.0115372	23.15865
202.0592	410.0615	22518455.8125175	23.17521
239.1551	399.8549	22518487.7219474	23.20835
244.0677	396.9624	22518498.8420495	23.22492
415.9873	430.8204	22518516.7480989	23.24148
505.0105	449.4017	22518532.101361	23.25834
557.4915	496.2591	22518544.6436013	23.27461
657.8769	482.6712	22518590.7165253	23.30841
652.3372	475.0696	22518622.2264919	23.34143
657.1448	479.9473	22518636.4392518	23.35748
649.6107	496.3598	22518652.9798187	23.37448
651.2043	495.3092	22518666.5439128	23.39058
646.3229	486.0852	22518680.3781475	23.40741
649.6874	489.1499	22518698.3827284	23.42372
649.9406	533.4218	22518725.0231857	23.45685
653.8989	492.2152	22518757.0980664	23.47342
654.0035	484.3393	22518769.1562706	23.48998
656.6398	488.0182	22518787.0557512	23.50655
653.8885	473.5569	22518803.5934442	23.52348
656.4999	477.6479	22518813.6756811	23.54043
668.3326	477.6092	22518832.9160113	23.55648
665.4246	480.8139	22518847.6723367	23.57353
673.9625	504.1682	22518878.1661972	23.60641
674.6513	500.9917	22518893.507964	23.62251
671.3302	502.4709	22518905.9155445	23.63943
669.5101	457.5351	22518936.3979097	23.65565
669.2835	457.3445	22518949.5641828	23.67221
668.3892	456.3573	22518981.4764865	23.69766
666.8488	455.0679	22518994.132038	23.71444
667.94	455.3934	22519027.4455418	23.74736
665.9952	455.0344	22519040.1429692	23.76393
659.4288	450.2411	22519057.3317913	23.78049
663.48	451.0793	22519073.0426407	23.79754
664.6702	488.9755	22519084.2111875	23.81444
666.7441	490.167	22519102.6821509	23.83044
666.4028	456.2595	22519130.1794218	23.84676
663.5852	463.0928	22519147.0049089	23.86333
654.5122	459.377	22519175.81347	23.89646
656.5991	458.3439	22519192.6397782	23.91351
656.4545	454.3143	22519208.19503	23.9296
655.6939	452.5667	22519224.3669248	23.94656
655.4515	456.3994	22519239.2611943	23.96273
657.5718	496.6956	22519253.8151196	23.97943
659.7624	493.3799	22519265.4479961	23.99586
658.9847	486.6003	22519282.0045743	24.01245
657.2335	484.1439	22519297.4128499	24.029
656.0008	440.9122	22519327.7314064	24.04556
652.383	436.5431	22519342.1822841	24.06251
650.4203	435.8951	22519354.8509731	24.0787
656.3217	432.8836	22519372.8054672	24.09526
665.9423	437.8936	22519390.3329913	24.11183
667.6645	438.9983	22519399.9874372	24.12845
667.545	443.778	22519420.3239306	24.14496
665.3807	446.9868	22519443.8795304	24.16156
660.9489	448.8272	22519477.7801179	24.19466
662.1229	448.6294	22519490.9406434	24.21153
674.0822	450.1925	22519508.1943321	24.22853
679.9437	450.9976	22519523.2778642	24.24451
671.3739	448.8544	22519537.3892188	24.26093
668.0475	486.0779	22519552.1792091	24.2775
666.7443	446.8381	22519567.6474247	24.2