x	y	id	timestamp
383.5895	207.1318	22691763.4812661	0
262.3915	760.91	22692329.2951836	0.02
256.5664	753.8213	22692363.8403313	0.3533334
272.9093	752.4939	22692391.3638773	0.3921334
260.6785	749.4789	22692422.472328	0.4340393
281.1702	752.348	22692436.4748874	0.4508939
327.17	756.8825	22692450.8354446	0.4676188
354.3941	589.9331	22692509.1936058	0.5171773
460.3537	426.1494	22692571.8822269	0.5856041
403.8853	430.6407	22692587.5659802	0.602056
333.2617	501.5405	22692597.2146784	0.6186221
258.723	496.3441	22692646.750985	0.6517549
253.1703	500.6258	22692663.4299065	0.672736
250.47	501.8224	22692677.3589778	0.6896477
261.133	496.2374	22692690.4037288	0.7058771
263.1294	509.9463	22692732.1149912	0.7390062
274.744	505.2814	22692764.8307372	0.772633
272.2411	505.4871	22692778.9408602	0.7896144
280.7953	492.7728	22692797.5473044	0.8056229
291.8976	490.5131	22692814.5513799	0.8218392
293.3412	489.7392	22692826.8641238	0.8386179
293.1953	487.0068	22692841.7752258	0.8549823
292.1047	516.3297	22692869.7721336	0.8886234
292.6152	475.8487	22692885.5884938	0.9046746
297.7138	505.1074	22692916.5532528	0.9386376
298.8321	503.0194	22692933.5638971	0.9591794
332.2109	414.4454	22692960.6173656	0.9758136
317.9365	418.7454	22692975.5526899	0.9926361
339.6953	482.775	22693021.3337143	1.042018
309.7569	457.7986	22693048.8129211	1.058657
318.2764	463.9762	22693065.8933585	1.075151
287.3089	445.8925	22693082.293518	1.091717
271.5433	432.8239	22693095.4614333	1.108628
271.2898	427.16	22693112.4162431	1.124851
274.7471	426.01	22693125.7274397	1.141632
283.2045	433.3262	22693138.6293199	1.157984
281.5116	429.0848	22693170.0419867	1.17464
279.0297	469.0396	22693186.6170396	1.208244
274.5612	434.59	22693216.7364803	1.224817
279.8868	442.2215	22693231.9673992	1.241397
280.1019	447.3224	22693247.1880544	1.25878
276.1488	438.2743	22693262.0601543	1.275649
275.2867	476.1493	22693274.4192902	1.292641
267.1709	480.551	22693290.6909481	1.308665
264.7036	480.5407	22693319.8336952	1.341627
262.0334	443.9776	22693350.5451461	1.358672
258.929	449.5894	22693364.5986134	1.374754
259.5355	467.9701	22693384.5697191	1.391662
260.1924	468.7737	22693396.4279864	1.408669
262.4791	476.2575	22693408.1663737	1.424459
262.6199	478.632	22693426.8274208	1.441676
249.6312	466.8539	22693442.8330437	1.457736
249.4084	503.5515	22693473.2115402	1.490723
254.9787	487.4735	22693487.5753817	1.507674
260.7986	438.9559	22693515.8670629	1.523857
263.2889	437.3913	22693532.8986452	1.54068
263.9824	437.4045	22693544.4933407	1.557681
270.6125	439.7859	22693561.598411	1.573676
271.6641	440.1745	22693577.8429728	1.590122
273.0157	440.8824	22693591.8672912	1.606689
281.8093	424.488	22693622.1410979	1.639833
280.2622	426.123	22693637.5953549	1.656708
293.4137	484.5694	22693654.5957355	1.672968
284.4407	448.514	22693682.6312347	1.689703
284.0883	460.4122	22693697.8687224	1.706685
279.2539	469.9977	22693713.9412645	1.723545
278.323	470.1127	22693725.8217015	1.740686
273.3735	468.7833	22693740.4799059	1.756789
272.623	486.2991	22693767.9652709	1.789818
274.0961	435.3997	22693800.1871278	1.806697
273.3954	437.5008	22693815.6274261	1.823692
272.2418	438.3757	22693831.6810831	1.839774
273.9594	446.9374	22693848.3008857	1.856083
273.506	447.538	22693859.6504841	1.872691
277.9009	451.4423	22693889.5330386	1.889216
305.763	481.5207	22693922.1851497	1.942195
272.9649	486.8756	22693936.0698818	1.958772
288.2632	438.0883	22693966.1499099	1.975726
286.5284	445.8865	22693981.9995246	1.992707
286.8398	448.4743	22693994.9133107	2.008458
277.7237	461.8184	22694024.8907019	2.025023
275.1588	461.6424	22694037.8361002	2.050813
270.4511	458.5743	22694071.4205657	2.08426
266.5198	491.7061	22694082.6535685	2.100741
261.9127	488.3246	22694102.6538231	2.1171
270.9189	493.7727	22694129.1349878	2.133711
276.5818	457.7	22694149.1401689	2.155271
275.983	455.8679	22694162.9111792	2.171844
278.2606	456.5236	22694188.1968282	2.188818
275.913	447.9067	22694233.8764472	2.240979
275.117	444.9471	22694249.0806805	2.257908
275.2137	445.0335	22694262.9900454	2.274117
275.9377	447.0746	22694280.8390287	2.290686
277.3289	447.2835	22694296.1249609	2.307254
276.293	450.3747	22694309.1885971	2.323965
275.8297	447.0692	22694327.8094105	2.340384
280.3454	444.4007	22694340.1549983	2.356952
298.9363	480.3159	22694371.5610963	2.390084
296.463	441.6831	22694397.579984	2.40665
295.7409	442.1865	22694414.3459417	2.423218
286.3573	434.7683	22694431.1053306	2.439975
289.1567	437.7784	22694443.3950839	2.456352
286.0213	434.0056	22694461.0153919	2.473054
284.3451	431.9579	22694475.4551848	2.48995
281.9492	428.5378	22694487.329053	2.506052
277.0613	413.4506	22694531.3964502	2.539184
277.7296	417.1545	22694564.342103	2.572318
277.4673	416.7774	22694577.4931859	2.588976
274.3209	424.8291	22694595.1274526	2.605451
272.4252	426.0527	22694612.6159747	2.622019
270.7069	421.9971	22694625.96371	2.638919
273.9154	422.0835	22694642.6241569	2.65515
275.9384	412.6324	22694669.4575717	2.688923
281.0011	444.949	22694686.8434568	2.704917
288.1425	406.3872	22694712.8631656	2.72191
294.1288	413.1748	22694746.8540736	2.754908
291.5314	413.1554	22694762.8588754	2.771118
290.125	414.0456	22694778.8669615	2.787921
285.0262	414.5007	22694791.6924799	2.804933
278.4539	419.4098	22694821.5282319	2.838045
281.0104	418.817	22694836.9098219	2.853955
280.8155	458.2911	22694849.8392089	2.870927
279.5537	459.7299	22694865.8230727	2.887097
278.6808	460.1617	22694881.738375	2.903919
281.9471	419.4517	22694912.9584948	2.920219
284.4499	417.3498	22694926.9635175	2.936916
287.8863	457.4646	22694940.2069737	2.953922
295.6483	469.3902	22694973.5430577	2.990003
296.1737	469.7174	22694986.8632863	3.009854
302.8573	433.4424	22695004.8456976	3.026431
298.7308	432.6493	22695030.9081034	3.042991
299.3714	435.1376	22695047.0085628	3.059937
299.7641	437.0971	22695061.6166804	3.076929
301.7345	436.6279	22695075.025998	3.092701
304.1539	436.8051	22695093.3179624	3.109258
309.8157	471.3546	22695120.4884371	3.14241
313.123	429.3432	22695151.3493275	3.15896
310.9427	431.8355	22695165.2742933	3.175933
305.6967	433.4558	22695208.8502645	3.208671
304.019	432.2419	22695231.8606567	3.239583
303.689	467.581	22695247.8601214	3.256943
306.5281	459.4321	22695273.5234745	3.291492
306.1429	459.6171	22695287.8491351	3.30805
299.4755	413.6751	22695317.4459483	3.324618
298.8227	414.3856	22695331.9202272	3.341184
297.1989	411.667	22695346.8810055	3.357948
294.4625	410.6411	22695365.8836285	3.374318
289.3658	411.4929	22695380.8862827	3.390944
305.6778	414.8495	22695392.7831416	3.40745
292.6778	461.9517	22695421.727594	3.440583
297.5628	427.6529	22695450.496332	3.45795
302.4761	466.7129	22695467.6252141	3.490284
308.812	428.3601	22695497.0356384	3.506955
302.448	425.9339	22695512.4418613	3.52342
299.8364	420.0791	22695525.3831542	3.539985
296.3136	410.7496	22695570.3410299	3.589988
359.8558	430.2078	22695615.9890367	3.623038
418.7817	450.3123	22695646.8306313	3.655969
424.1508	443.6528	22695659.7715136	3.672967
442.036	440.7917	22695678.9051014	3.689083
447.489	441.6527	22695693.919251	3.705652
478.0542	439.4145	22695723.0008264	3.738974
477.5652	477.5066	22695735.7388981	3.755971
437.3276	487.2856	22695750.8922234	3.771973
419.6064	491.1655	22695766.5878825	3.788964
400.9446	453.1534	22695796.9216293	3.80505
398.7185	453.4546	22695812.4448583	3.821969
411.3413	454.2838	22695828.2624502	3.838184
407.9221	453.6055	22695842.2104067	3.85475
405.1498	493.4625	22695871.7542591	3.888018
404.9573	495.3647	22695883.1867882	3.90445
419.3691	505.3917	22695900.8846898	3.921018
407.0251	463.6248	22695928.2275947	3.937975
403.1143	459.7475	22695962.400786	3.970717
401.9104	460.4857	22695974.0045136	3.987283
397.644	461.4419	22695991.3990202	4.003986
400.7355	460.4337	22696018.6269716	4.037018
403.8609	460.4231	22696034.9959294	4.053981
408.676	450.6918	22696062.7723729	4.070123
409.1523	487.67	22696080.5811224	4.10325
399.9581	443.5393	22696110.2325385	4.119986
399.4351	444.2585	22696128.9239661	4.136383
397.6768	447.3294	22696143.1092193	4.15299
394.7395	449.391	22696193.0573055	4.202651
398.577	453.1902	22696233.9794948	4.219992
398.8847	453.3235	22696244.907871	4.262369
397.0649	453.2608	22696261.3322528	4.279091
394.9056	493.679	22696276.6830516	4.296004
398.2646	491.7452	22696289.5750788	4.312074
399.2281	444.2691	22696321.0591809	4.32864
401.1378	440.7453	22696334.9258489	4.345205
405.1454	447.9972	22696353.9169765	4.362001
404.2892	452.8405	22696367.1826023	4.378339
403.5258	499.4051	22696379.2486069	4.395012
404.4996	472.9977	22696398.9729732	4.412011
405.3054	479.0144	22696413.1836804	4.428042
399.2945	504.3472	22696427.9223522	4.445002
396.8794	464.8893	22696441.0627609	4.461173
397.7885	463.2511	22696469.3092818	4.478014
406.9689	443.1682	22696501.2236382	4.511014
408.4021	448.1056	22696513.847167	4.528026
414.7054	447.0519	22696533.9282994	4.544028
418.9962	489.7449	22696545.6005886	4.561014
416.543	494.7087	22696557.7105218	4.577144
413.1861	456.5302	22696577.9341144	4.593706
412.5462	493.7534	22696591.7104619	4.610273
412.443	491.6038	22696624.1109071	4.644305
422.8307	454.2941	22696648.8345159	4.661036
421.2054	459.1741	22696666.2877309	4.678017
414.4014	462.8499	22696683.934314	4.694021
413.5147	506.2955	22696694.3339044	4.711017
413.2952	467.8678	22696711.6245424	4.727142
415.1267	502.531	22696726.4449133	4.74402
416.4304	494.1789	22696744.1456887	4.764237
409.5698	449.7472	22696784.1039113	4.797388
413.1405	449.1519	22696802.1536525	4.814031
410.017	455.626	22696816.2884083	4.831032
409.3326	453.206	22696829.1237798	4.847077
413.6344	467.532	22696845.8458089	4.863644
409.5042	500.8263	22696862.9566268	4.880209
407.3483	498.3521	22696874.3058147	4.897032
412.169	456.7352	22696890.8283175	4.914035
370.8919	445.7432	22696934.3135577	4.92991
313.2952	483.7248	22696951.9412555	4.969765
306.3483	484.7218	22696965.936425	4.987106
295.926	487.6958	22696984.9530066	5.00307
262.6789	450.8246	22697009.7932111	5.019477
250.1048	447.847	22697027.9542108	5.036336
242.4041	475.6999	22697042.9638443	5.059537
250.8174	479.2571	22697072.3927433	5.092676
277.0142	453.9064	22697101.0058836	5.109242
280.1059	451.9974	22697133.806613	5.142374
283.2746	451.9525	22697144.2801021	5.159041
284.1828	490.3072	22697160.5731085	5.175509
283.333	452.6742	22697176.9979009	5.192077
280.1499	448.6326	22697190.7767116	5.209072
278.9483	445.8501	22697221.5033527	5.225208
279.4012	443.4442	22697234.0636571	5.257352
281.2825	475.1384	22697250.8932497	5.274168
286.078	432.2069	22697282.1014636	5.291121
285.7267	420.1951	22697297.9892592	5.307058
283.6167	424.3875	22697313.9920083	5.324048
282.6237	425.8958	22697323.8993517	5.340191
280.7459	428.8718	22697341.1895791	5.357058
269.5192	452.4669	22697370.55238	5.390056
268.2381	453.0012	22697388.0671771	5.407097
273.3272	431.9468	22697418.012135	5.423668
277.9451	440.3414	22697432.2269476	5.442892
285.4033	441.4686	22697448.540892	5.45947
287.6665	472.8584	22697461.9748424	5.478417
287.7968	435.3523	22697477.5025875	5.495037
285.1949	479.6453	22697492.6563233	5.512104
284.6527	448.7466	22697537.5140253	5.544742
329.8657	454.4992	22697550.9976521	5.561309
365.3754	462.3894	22697567.482795	5.577876
384.178	458.7364	22697581.3958549	5.595074
413.4897	452.0379	22697596.004383	5.611073
421.4559	486.9627	22697610.9791199	5.628075
418.4788	446.0923	22697626.2038806	5.644142
420.3521	486.4215	22697638.9924496	5.660709
415.8798	454.2317	22697682.8964487	5.69408
410.9996	463.4049	22697701.6864079	5.711081
409.6403	461.2596	22697716.1894252	5.727114
414.0006	458.1513	22697728.5473294	5.744077
416.888	456.5045	22697746.3835856	5.760108
419.9183	452.9672	22697761.2938665	5.777086
421.6645	483.9546	22697777.0757408	5.793243
422.6373	480.3475	22697792.1650206	5.810086
425.4359	450.1312	22697819.418426	5.826375
425.8181	449.8816	22697835.2450499	5.842942
426.4827	450.0853	22697851.3446883	5.860081
425.4916	452.0112	22697866.0546218	5.876084
430.6649	454.481	22697881.9506283	5.893087
433.9708	450.1489	22697897.6216546	5.910091
439.6759	481.7812	22697908.7553048	5.926091
440.4167	481.3365	22697927.014836	5.942348
444.2803	444.3514	22697941.7329804	5.959092
451.3542	481.4644	22697970.6647059	5.992095
450.1406	440.7546	22698001.0510028	6.00909
453.2998	432.9135	22698033.9794127	6.042134
450.8552	434.5427	22698044.8601653	6.05831
446.5509	440.8263	22698061.6967373	6.075096
447.3666	445.6422	22698078.0632318	6.091441
447.1446	489.3492	22698087.9677014	6.108101
442.455	454.4921	22698132.902997	6.141142
446.9127	444.5889	22698150.4104043	6.158109
445.1008	443.6266	22698165.7936364	6.174276
442.3493	443.8881	22698182.101012	6.190841
438.8453	446.2159	22698199.1962292	6.207408
441.0929	481.4863	22698213.0982043	6.224105
442.9456	464.4569	22698239.4217186	6.242152
434.8767	419.2328	22698271.0712715	6.275396
433.624	408.3766	22698287.8405136	6.293984
428.4574	411.4876	22698316.026684	6.328358
422.3354	420.4348	22698332.0401073	6.345121
441.6863	425.8405	22698345.8936377	6.361495
442.9695	425.6169	22698358.8332884	6.378115
439.4145	424.9998	22698375.6378376	6.394629
437.3157	465.9852	22698389.8017423	6.411194
432.6589	431.4955	22698420.3559533	6.427761
433.7856	427.9358	22698435.2789612	6.444328
443.5277	421.7226	22698448.3200172	6.461118
446.1243	420.6029	22698466.2691741	6.477461
447.2526	424.4393	22698481.3596856	6.494123
447.9956	422.002	22698496.0523761	6.510594
445.1183	422.3559	22698514.0581886	6.527161
436.6709	421.1148	22698530.0634009	6.543729
429.5105	457.804	22698543.0379482	6.560296
381.7048	438.2821	22698584.2224776	6.594126
400.7342	431.2277	22698600.4062783	6.610122
408.4225	428.7322	22698616.8487242	6.627132
405.3768	429.6253	22698631.6481571	6.643134
448.1858	412.3034	22698645.8079563	6.659695
420.1717	429.6098	22698661.6267799	6.676261
442.9684	428.9297	22698693.0480682	6.694352
446.7473	432.0981	22698720.3441706	6.733131
456.7259	474.2628	22698735.5648257	6.749148
459.5145	431.903	22698750.0994552	6.766134
462.4513	471.4117	22698762.6166521	6.782137
463.0459	477.316	22698781.1520715	6.799133
457.3103	475.9543	22698796.2327298	6.815189
455.399	438.499	22698808.2897023	6.831764
457.7879	475.8858	22698826.7926885	6.848351
467.0168	477.8442	22698843.3591199	6.865723
476.6683	436.345	22698888.0776461	6.898157
483.0737	441.3515	22698899.2014432	6.91459
483.9078	488.4085	22698916.1767803	6.931155
483.0929	492.3834	22698933.0137628	6.950428
486.1182	459.8669	22698961.2902537	6.967007
486.7608	460.754	22698976.9641538	6.986421
489.4738	467.5557	22698990.8776243	7.002993
492.923	472.5034	22699025.1177349	7.03615
491.0667	509.0404	22699034.8206254	7.052693
490.0504	506.5448	22699051.2803143	7.069261
496.2112	505.3457	22699068.0700838	7.086188
498.5718	506.2494	22699079.7817855	7.102392
495.9504	508.8424	22699096.5534909	7.119181
492.2572	468.2482	22699126.1108915	7.135526
491.5291	467.2338	22699144.1011032	7.152166
481.2644	463.2301	22699170.0641563	7.185225
474.423	461.4862	22699185.2564837	7.202154
477.8381	463.5581	22699202.0758126	7.218359
480.4389	513.9482	22699212.6363378	7.235165
478.8986	474.3243	22699243.8166345	7.251492
484.7373	516.356	22699258.4887976	7.282018
491.1377	513.1716	22699279.0892732	7.299191
492.772	478.6574	22699293.0618626	7.315219
485.0387	517.9088	22699325.5033626	7.344854
485.4055	508.3612	22699350.0832797	7.361432
480.2562	459.8132	22699367.3595485	7.377993
478.4064	455.1493	22699383.0363224	7.39456
482.7684	494.7906	22699394.6109011	7.411182
486.369	468.2264	22699413.1352357	7.427692
486.9185	508.417	22699426.6426742	7.444259
487.0702	471.599	22699441.9844411	7.461171
485.4237	480.9373	22699484.4420797	7.494186
481.5359	482.1188	22699501.8944736	7.511175
468.5187	477.3164	22699517.1081494	7.527174
462.4593	467.4801	22699529.537489	7.543659
460.5848	465.7085	22699546.8946357	7.560227
463.2608	462.2618	22699561.2174225	7.577178
469.1232	463.7851	22699573.5420723	7.593359
472.4037	459.5494	22699591.3754547	7.610175
485.5514	463.6657	22699618.7544878	7.626493
492.9852	472.8279	22699634.4760115	7.643184
497.7838	477.1476	22699651.0978668	7.659626
500.4995	481.6658	22699663.6598134	7.676194
503.7629	484.8038	22699681.3651048	7.692783
500.5856	521.8693	22699695.8574479	7.709326
501.0492	524.5267	22699709.6814189	7.725888
464.5782	493.4579	22699728.6048061	7.742461
458.8282	528.4244	22699744.8937071	7.759235
448.8882	522.7675	22699773.7864305	7.792966
437.8673	457.0162	22699799.2769429	7.810213
434.4789	453.3974	22699817.3632229	7.826112
421.4264	453.2977	22699831.2573976	7.842673
414.3986	457.146	22699845.029229	7.859238
423.2337	464.1611	22699862.1310149	7.875804
421.5077	461.5159	22699875.8010304	7.892371
421.2302	496.8206	22699889.9571347	7.908944
407.5025	472.1826	22699921.9293784	7.938457
410.3857	508.1537	22699933.0043202	7.955033
417.1812	504.3912	22699950.1816469	7.972203
416.05	517.8906	22699966.9221507	7.988297
421.6848	479.0884	22699995.3119528	8.004742
415.01	476.1188	22700011.1435033	8.021295
402.4462	473.9551	22700022.8736797	8.038202
338.4171	444.3333	22700040.9780238	8.054447
317.2139	481.8734	22700069.6297555	8.087562
271.4956	436.0945	22700085.7380154	8.104231
238.9632	487.0789	22700100.5579757	8.120696
233.521	486.8615	22700114.9062165	8.137263
217.061	443.7477	22700130.6597629	8.153831
238.5272	442.9646	22700160.5394436	8.170395
256.0155	435.1726	22700177.0052907	8.187238
246.921	471.3586	22700197.2095876	8.220263
229.0565	437.7399	22700225.7837258	8.237246
201.036	481.8083	22700238.6712369	8.253252
226.8395	476.2907	22700268.3251162	8.270236
234.8372	436.1563	22700283.7781415	8.299277
252.0003	467.9151	22700295.2804638	8.316244
298.2922	446.2483	22700311.4564641	8.332417
335.1057	393.9412	22700337.7873682	8.349243
370.7573	376.0353	22700372.4470588	8.382242
372.4878	374.7096	22700383.9904359	8.398681
376.3521	376.6975	22700402.1781212	8.41525
381.8763	423.3832	22700416.1856071	8.432247
384.9169	426.7063	22700428.245864	8.449255
390.7631	427.6091	22700447.2115377	8.464963
392.9701	380.771	22700473.2390469	8.481517
396.627	379.7815	22700491.7112419	8.498251
397.7762	380.376	22700522.056484	8.531274
397.3238	384.8327	22700536.0906556	8.547783
397.7437	387.6891	22700553.1719141	8.564363
399.4059	423.1606	22700563.84534	8.581258
405.6488	381.5832	22700579.9269143	8.598252
392.838	423.7661	22700596.3184522	8.614307
383.8248	428.5687	22700610.0438917	8.630629
402.0207	388.6725	22700640.0278516	8.6472
419.7448	406.1721	22700687.9806747	8.696886
418.7919	405.6467	22700699.7202937	8.71345
423.9939	410.2353	22700720.1536763	8.730288
419.8615	413.0005	22700732.0431453	8.746584
414.1428	415.352	22700745.2500627	8.763274
411.5101	417.0948	22700760.9995037	8.779718
408.3785	441.8448	22700775.5957154	8.796285
404.1493	396.6541	22700790.191106	8.813272
408.9638	389.9776	22700837.295737	8.846332
414.7766	388.2557	22700854.2558839	8.862554
417.2485	390.9103	22700867.2583484	8.879277
422.9045	395.5148	22700877.5553018	8.896275
426.7622	400.9139	22700896.4618566	8.91228
430.7976	441.4364	22700912.3422623	8.928816
428.6938	435.3879	22700924.3520219	8.945383
424.6959	433.6505	22700941.8294592	8.962276
415.5853	426.4606	22700973.2023028	8.995282
414.5109	422.5669	22700987.8785714	9.011663
428.6732	379.1485	22701015.7301452	9.028279
434.2173	383.4657	22701032.0707752	9.045287
437.0367	387.5429	22701048.225427	9.06135
432.6012	425.3289	22701061.2217333	9.078289
436.0201	387.696	22701077.4334512	9.094482
432.1662	384.96	22701096.2254631	9.111287
427.002	419.0077	22701124.5540936	9.144184
417.9286	379.8012	22701150.390698	9.160749
419.5627	387.0633	22701166.2583767	9.177317
423.4642	386.4636	22701185.2667474	9.194292
424.2398	385.3851	22701194.8382626	9.210462
423.5851	421.4077	22701211.6222844	9.227293
424.7937	420.3518	22701226.115038	9.243583
428.0713	384.893	22701240.2773005	9.260303
428.3564	378.413	22701269.7304219	9.277297
428.1633	368.8456	22701301.8484101	9.2933
408.6502	375.9304	22701317.2685916	9.32694
414.0648	374.5783	22701332.2478445	9.344317
419.2331	382.0004	22701347.2849847	9.360081
429.8925	384.5005	22701360.5694957	9.377305
428.9394	420.0495	22701372.5283473	9.393301
424.3146	422.8471	22701391.1458763	9.410307
434.7743	422.5065	22701419.9359627	9.442912
425.0891	388.9268	22701451.8445715	9.459479
417.6775	397.6967	22701467.2824065	9.476308
413.7614	402.4389	22701502.2290702	9.509335
413.4843	441.1028	22701510.4999694	9.526325
410.936	440.796	22701527.6087347	9.543561
410.6393	440.2279	22701544.4563914	9.56156
416.3182	437.1247	22701575.2347616	9.59532
433.9719	410.5696	22701601.2380484	9.611363
437.9729	412.0486	22701618.2753783	9.627831
436.2143	409.2994	22701631.4679266	9.644396
432.8519	444.7706	22701644.4510953	9.660969
431.3149	440.0023	22701662.7582501	9.677531
424.0179	439.662	22701676.7205757	9.694333
376.7637	432.2639	22701689.862216	9.710665
256.0934	382.2233	22701720.0428284	9.72723
234.8928	381.3156	22701733.0099858	9.744326
87.02198	378.2379	22701750.8072399	9.760373
98.57891	378.9973	22701766.2048413	9.776931
59.85057	388.7636	22701782.3011952	9.793498
52.8672	433.061	22701797.1995702	9.810074
58.46447	399.8166	22701812.2408159	9.827026
61.84166	445.7735	22701825.2235742	9.844013
60.6715	414.0146	22701841.399985	9.86059
58.66621	411.3637	22701869.2014719	9.877321
53.11968	410.7195	22701885.8906571	9.893717
45.77756	402.0047	22701901.3301343	9.910331
50.79327	401.9924	22701914.5703061	9.92686
45.6898	401.3977	22701934.2782505	9.943431
47.9344	403.8217	22701946.8147431	9.959998
49.39795	402.5546	22701960.1579624	9.976572
52.42603	440.3184	22701976.3647538	9.993337
57.69318	437.4855	22701991.5455858	10.0097
68.35842	433.9105	22702023.286691	10.04335
83.90177	388.2545	22702049.4032891	10.0594
87.77797	396.0569	22702066.6475351	10.07635
77.90824	393.5646	22702081.8915915	10.09253
77.77635	392.4015	22702095.2742235	10.10934
70.76173	396.6239	22702111.2790252	10.12567
73.38268	399.1912	22702126.2558149	10.14235
74.06699	396.1875	22702141.4731857	10.1588
76.72109	436.3413	22702172.4165962	10.19238
77.04434	391.3179	22702203.2852869	10.2085
76.02525	387.0483	22702217.315353	10.22538
75.45983	428.1764	22702228.3254282	10.24367
73.94949	392.3565	22702247.6433521	10.2604
65.84447	391.4875	22702266.6040992	10.27681
67.93916	429.4558	22702288.1541723	10.29338
68.50602	429.8717	22702320.6937932	10.34214
61.43131	426.6517	22702337.0319599	10.35871
66.07443	435.6694	22702363.4523635	10.37537
75.76117	396.7413	22702384.2958836	10.39707
71.4688	432.2952	22702397.5225073	10.41366
145.8299	485.1992	22702408.9874697	10.43041
164.7687	520.4866	22702426.1701335	10.44679
163.2722	489.171	22702445.3078268	10.4634
167.8074	490.4428	22702472.3428207	10.47992
122.908	484.0361	22702487.3413694	10.49648
122.5967	480.2211	22702499.1552976	10.51342
124.8253	475.9684	22702517.3076757	10.52961
129.5726	476.9265	22702533.3354682	10.54637
123.2319	511.3658	22702544.3763345	10.56275
121.2524	470.2494	22702563.3383133	10.57937
118.1827	470.5557	22702577.4545944	10.59588
117.6451	508.1471	22702589.1121038	10.61244
134.7301	471.6381	22702636.3505735	10.64558
138.1485	475.3796	22702651.5416692	10.66214
129.325	475.308	22702665.5540817	10.67939
128.9131	513.1389	22702677.010012	10.69538
134.6905	469.7103	22702696.1382627	10.71185
130.1174	503.9734	22702711.2694184	10.72841
132.1717	504.2894	22702722.9142008	10.74541
124.3788	502.8164	22702739.8451988	10.76154
123.7714	449.7874	22702768.3692501	10.7784
118.9617	448.6678	22702786.3442716	10.79468
119.234	449.1982	22702800.5812538	10.81124
126.3298	456.6921	22702812.4715439	10.82781
162.7025	482.3407	22702828.7329381	10.84445
158.7445	518.3799	22702846.3889638	10.8633
153.193	516.4056	22702858.2423046	10.8804
150.0067	473.2604	22702889.4312227	10.89741
137.9977	466.1985	22702920.3832547	10.93041
118.4004	460.5143	22702935.3756452	10.9464
122.1965	453.2293	22702949.3626038	10.96348
130.017	444.0997	22702965.3119816	10.97941
138.5745	441.4415	22702980.9477007	10.99584
137.0767	479.4752	22702993.503489	11.01241
138.1787	479.1876	22703011.376284	11.0294
138.7355	477.7565	22703026.1970655	11.04579
140.8501	476.9229	22703041.3216524	11.0621
142.6987	441.4501	22703070.1367823	11.07867
163.8443	441.8399	22703082.3760381	11.09541
169.6449	446.8792	22703099.5972935	11.11243
169.7953	451.3903	22703115.9301231	11.12842
168.9083	490.2156	22703128.3832744	11.14493
163.682	461.0792	22703144.8491216	11.1615
165.5541	458.554	22703161.2254692	11.17841
161.4801	456.5207	22703174.9751311	11.19463
159.067	489.7833	22703190.4273353	11.21143
157.2483	448.6508	22703217.8827303	11.22777
159.0756	445.2553	22703235.7386928	11.24433
159.8297	442.6439	22703250.8554793	11.26142
158.8906	442.9812	22703263.5668653	11.27747
152.8833	439.3804	22703280.798795	11.29404
140.0162	441.9388	22703306.0212196	11.3106
152.517	440.4314	22703326.084288	11.33558
152.6135	438.9061	22703340.0412765	11.35255
177.8136	446.4639	22703370.9608752	11.38548
178.3263	449.5094	22703386.0107424	11.40244
176.3774	489.101	22703395.5863631	11.41844
176.7841	490.7317	22703413.9062448	11.43544
154.5441	444.5499	22703442.2303593	11.45155
138.1425	444.0129	22703459.34323	11.46851
137.8935	445.5908	22703474.356969	11.48469
137.741	444.9226	22703485.9331899	11.50151
144.2882	448.7903	22703520.7891225	11.5345
161.7771	493.8887	22703532.0738543	11.55144
166.211	456.6025	22703550.693436	11.56752
171.1613	493.2811	22703564.1606409	11.58408
165.7495	486.2859	22703577.2411095	11.60065
152.6755	448.5621	22703609.8841885	11.61722
148.4248	450.9953	22703621.4119648	11.63453
138.4453	455.6169	22703638.9390784	11.6505
142.9532	457.6144	22703668.5395865	11.68348
155.9798	446.7175	22703684.6072021	11.70052
160.0425	447.1622	22703699.9575904	11.71662
162.5921	485.0902	22703712.130748	11.73346
164.6355	490.4218	22703729.2128277	11.74975
150.1305	454.9454	22703758.4848974	11.76645
151.3262	455.1233	22703775.5008788	11.78288
152.0126	458.0078	22703789.0711311	11.79949
148.808	460.2314	22703820.347496	11.83258
149.0997	458.4053	22703834.8796622	11.84951
151.0174	497.8641	22703847.3118756	11.86572
151.2115	476.0887	22703864.2675065	11.88247
146.8618	472.8938	22703882.3948412	11.89946
136.048	460.7374	22703892.2069375	11.91545
147.6454	443.3685	22703925.0942926	11.93198
154.718	443.1653	22703936.6557338	11.94855
156.6212	427.9966	22703970.3218983	11.98168
156.2499	427.7169	22703983.4348003	11.99853
133.0041	429.3123	22703999.2474656	12.01482
129.9332	430.6558	22704015.2428248	12.03146
131.5076	474.7243	22704029.3919497	12.04795
127.2378	439.5354	22704044.9410433	12.06452
144.488	453.8648	22704070.9377613	12.08147
150.3697	458.6585	22704088.7366577	12.09765
153.1568	458.2332	22704117.4668041	12.13078
150.2593	454.3438	22704135.0312776	12.14762
151.0939	454.3941	22704151.4367742	12.16453
138.6115	499.3522	22704161.9270957	12.18049
146.3338	455.1408	22704181.40267	12.19746
143.0658	493.8036	22704195.470917	12.21362
136.9636	451.3047	22704207.4654863	12.23047
143.6247	479.2557	22704225.2126536	12.24747
142.9632	478.4338	22704239.4796058	12.26333
173.3505	439.2717	22704272.0413964	12.28048
175.5558	439.6257	22704285.6153437	12.29666
171.7759	445.8022	22704297.9925436	12.31351
159.7293	453.6512	22704342.5349448	12.32962
155.3335	459.3549	22704359.4478787	12.36886
143.7636	454.3202	22704374.2900086	12.38544
139.0458	488.023	22704386.6101424	12.402
136.257	445.6123	22704421.1942922	12.43514
136.0991	482.3648	22704432.9696289	12.45176
123.3826	426.1093	22704451.7813471	12.46827
116.2414	423.2846	22704476.9651802	12.48577
123.8957	417.9206	22704510.5418453	12.51797
125.8505	418.4545	22704522.7117186	12.53484
127.7156	419.7563	22704541.8407903	12.5511
126.8173	425.1206	22704568.6873427	12.58424
125.5097	436.1704	22704584.5090401	12.6008
132.4279	439.4326	22704599.8368482	12.6178
135.7166	476.0032	22704611.8449656	12.63394
140.0051	471.4373	22704630.0494833	12.65077
137.4565	428.2761	22704656.5437856	12.66707
131.8264	427.1906	22704673.9555352	12.68364
120.1712	424.5479	22704690.354463	12.7002
240.8848	402.2115	22704719.9348543	12.73379
292.5171	394.6395	22704734.4534724	12.74991
309.2454	434.1785	22704747.2190507	12.76678
307.1452	443.5966	22704764.9633442	12.78304
339.8012	396.3286	22704780.2969001	12.7996
351.7553	444.7548	22704793.6996489	12.81617
362.9405	432.6588	22704825.4752401	12.83278
360.5847	435.1215	22704836.5296545	12.84984
356.4288	453.1647	22704870.4478955	12.88284
358.7444	440.8441	22704882.8567077	12.899
369.1888	443.0723	22704900.3899795	12.91583
376.8867	480.9816	22704915.1282408	12.93214
380.6054	478.7555	22704927.3740654	12.94879
385.7693	476.0241	22704945.4447446	12.96527
386.7981	449.3839	22704972.2765172	12.98184
387.2878	446.8747	22704989.2892142	12.9984
383.0911	450.9022	22705018.4590575	13.03154
388.1794	460.4499	22705034.1136618	13.0481
387.1335	460.3415	22705050.117232	13.06485
386.3066	497.4826	22705062.2616512	13.08124
377.1711	453.5662	22705080.2214824	13.0978
306.0396	489.1863	22705095.4060094	13.11437
83.35529	483.7136	22705108.0324119	13.13094
70.37572	482.1248	22705125.8801635	13.1475
52.43805	471.3388	22705141.2432788	13.16442
24.84597	438.1941	22705187.2973176	13.19743
29.15928	437.8833	22705199.6626117	13.21443
21.6576	444.8755	22705217.4122423	13.23064
19.09127	437.8224	22705230.3112487	13.24692
19.54033	470.4838	22705242.4359617	13.26347
33.50215	425.5284	22705261.0272156	13.28044
33.57619	425.8697	22705288.4181546	13.29661
34.15976	426.8573	22705330.852392	13.32975
31.12099	467.3114	22705351.241846	13.37047
25.77803	429.3625	22705377.3670656	13.38706
24.52709	432.1527	22705394.1978899	13.40361
23.82736	433.0615	22705410.5508363	13.42049
21.80484	432.2013	22705421.6623169	13.43676
17.82946	428.5422	22705441.226159	13.45353
16.2222	465.8808	22705468.9779696	13.48651
12.53257	463.9294	22705485.4261632	13.50347
12.7581	463.5894	22705499.7255487	13.52045
9.319006	423.5635	22705512.9369821	13.52045
6.717715	474.6826	22705647.1024141	13.66867
3.338526	476.7804	22705663.8125372	13.68548
12.60606	428.3906	22705692.1543053	13.70248
18.53793	427.9165	22705709.8702709	13.71854
31.18921	433.5203	22705725.0088165	13.73554
31.03554	431.1264	22705737.6430195	13.75154
32.77972	431.4372	22705771.7940412	13.78464
34.9555	440.4406	22705782.9145539	13.80121
35.53505	440.7553	22705815.246027	13.82245
34.23854	439.4399	22705827.1293378	13.83903
35.15403	448.8131	22705844.7923428	13.85559
36.14156	452.9311	22705860.5093504	13.87247
40.07942	442.0158	22705871.3958508	13.88873
40.16081	441.5737	22705890.4666247	13.90548
33.14194	472.0044	22705919.2209935	13.93849
35.6446	464.7361	22705933.4883562	13.95499
32.02283	419.9563	22705962.3868273	13.97156
34.29013	417.814	22705978.6580747	13.98856
37.66154	417.5932	22705994.6053998	14.00469
38.02133	417.4528	22706007.2244125	14.02126
37.15737	417.7309	22706026.1108504	14.03783
30.07162	420.1276	22706041.7777712	14.0545
19.21702	425.7262	22706070.3108546	14.08761
15.01399	422.3336	22706096.3153731	14.10409
17.6083	417.3865	22706129.2014965	14.13749
20.20856	417.5596	22706142.1333468	14.15456
17.48418	416.9861	22706161.4837039	14.17054
16.41739	416.6173	22706176.3377397	14.18693
16.54375	417.1118	22706189.6912228	14.20356
40.75943	449.4841	22706220.9803146	14.23663
33.41924	478.5234	22706233.7844845	14.25319
250.6414	451.9171	22706249.7851808	14.26976
374.5372	446.2659	22706278.1462446	14.28652
442.0222	443.9707	22706294.5234133	14.30351
426.0496	440.2568	22706310.0199567	14.31957
421.4912	431.2867	22706338.1441344	14.33603
433.3271	434.4146	22706370.8836922	14.38657
417.3215	472.3211	22706385.031175	14.40314
407.1531	429.4461	22706412.6778853	14.4197
428.4073	436.6813	22706445.4092322	14.45284
420.1275	434.2291	22706457.8008013	14.46958
425.5734	432.8573	22706475.6124247	14.48597
431.5542	427.6644	22706489.9027781	14.50254
431.3875	429.891	22706520.6749901	14.53567
434.7427	435.7917	22706538.5317737	14.55252
434.8198	472.4089	22706548.0655185	14.56952
436.3384	475.0529	22706566.4822896	14.58552
433.844	437.7317	22706591.7868238	14.60194
437.5762	424.1281	22706609.1341174	14.61859
444.7238	421.209	22706624.8425035	14.63558
454.9473	423.7446	22706636.8822331	14.65164
453.0241	425.905	22706670.4946159	14.68477
450.7042	429.5611	22706682.3828532	14.70134
450.2101	474.1964	22706700.0516059	14.71853
449.8072	438.2039	22706726.7458449	14.73454
453.6908	440.1623	22706760.0470324	14.76761
455.6342	440.6357	22706773.5975784	14.78417
449.4647	428.3993	22706790.9210602	14.80074
451.3515	436.3611	22706818.6018461	14.83387
456.9188	444.5862	22706833.9895943	14.85057
463.1597	479.9202	22706850.6171973	14.86756
464.5566	471.7746	22706861.5632271	14.88358
465.3353	476.0042	22706879.7940199	14.90014
458.9018	440.2034	22706907.6262979	14.9167
452.7537	440.1983	22706925.0795129	14.93358
443.0314	440.1708	22706940.1400543	14.94984
443.4694	439.208	22706970.6963181	14.9836
436.7535	438.4702	22706985.0022724	14.9996
437.2431	428.9052	22706997.1631136	15.01655
448.4019	454.6567	22707015.1676945	15.03267
439.2356	414.137	22707042.0643337	15.04953
423.4814	461.6903	22707060.2980003	15.08256
436.1498	422.2505	22707089.2461477	15.09894
431.7852	432.8144	22707121.445835	15.13263
429.6998	434.7439	22707132.2383198	15.14864
434.0245	435.4018	22707149.7498326	15.16559
433.2664	434.0331	22707168.5061268	15.18177
439.595	434.8674	22707178.8884742	15.19854
437.0131	473.8029	22707196.0165352	15.21555
440.5407	434.6245	22707211.824274	15.23157
477.5243	423.4146	22707240.1947804	15.24855
488.3049	420.4503	22707267.5902354	15.28117
497.2592	421.6158	22707286.358846	15.29774
504.598	421.1145	22707301.3048446	15.31463
519.4741	458.8086	22707313.7407529	15.33157
531.582	444.1006	22707357.6771853	15.34759
537.277	401.9962	22707375.7913825	15.38531
539.2643	400.5096	22707391.446808	15.40189
551.4138	399.9904	22707421.445137	15.43502
564.518	406.8318	22707434.9616076	15.45159
564.854	441.7713	22707447.4779833	15.46858
566.4308	442.8792	22707465.0248033	15.48471
563.4547	405.5095	22707491.8130578	15.50129
560.5288	405.4255	22707509.8422716	15.51785
559.8279	406.2912	22707525.6110083	15.53467
557.5842	405.7162	22707538.0616963	15.55099
549.2181	399.8947	22707570.6678261	15.58412
548.5056	395.5282	22707581.9139664	15.60068
552.1046	394.8413	22707600.0819454	15.61725
578.5304	402.89	22707646.2677701	15.6577
575.2905	403.5261	22707660.0079893	15.67427
569.1686	442.898	22707672.695974	15.69083
568.7228	441.3167	22707690.7485891	15.70759
564.1755	440.5655	22707719.0899465	15.74059
549.0049	402.4796	22707748.8513894	15.7571
560.7116	401.4818	22707761.8846451	15.77368
563.0138	414.0846	22707779.8920998	15.79063
563.0779	416.034	22707796.3411145	15.8068
557.1343	417.2434	22707809.4958923	15.82361
554.6989	415.8762	22707826.4433122	15.84066
553.446	414.9413	22707841.2837999	15.85661
533.4028	444.6144	22707870.4688335	15.88963
522.0782	409.5547	22707896.3124171	15.9062
542.2062	423.1144	22707913.3550842	15.92277
548.8526	425.9211	22707929.43789	15.93966
545.6365	419.9377	22707942.1681613	15.95662
546.8136	418.4009	22707961.5357614	15.97263
544.9161	415.0427	22707975.2878865	15.98904
537.8462	410.8442	22707988.3334586	16.00562
537.6393	409.0609	22708022.7082289	16.03873
544.1805	413.7862	22708032.613109	16.05562
559.5486	429.726	22708064.472452	16.07261
549.8108	425.3151	22708077.6953808	16.0887
544.3542	436.0201	22708094.876813	16.10569
547.1166	432.4389	22708110.6636138	16.12168
546.8486	434.0334	22708121.1247865	16.13862
567.5386	424.0248	22708143.5230517	16.1547
585.7742	451.6404	22708168.6182064	16.18783
587.6339	401.0544	22708185.1821745	16.20462
574.9211	410.39	22708211.7573547	16.22162
569.0303	424.1209	22708228.9240072	16.23769
575.1241	434.2953	22708245.1020602	16.25477
569.5186	428.2266	22708257.7617171	16.27169
570.33	465.8493	22708276.454787	16.28766
568.0272	463.6194	22708290.9541094	16.3047
532.8702	405.2049	22708334.2262752	16.34262
526.2234	401.7148	22708346.2779106	16.35873
536.5502	401.2461	22708363.2778806	16.37569
539.8632	398.6671	22708392.5290124	16.40278
539.9439	397.6339	22708410.6666108	16.41965
541.3422	396.1562	22708425.0682228	16.43592
565.3376	438.0192	22708435.807747	16.45249
575.6056	402.9877	22708472.2139086	16.48572
585.8951	406.5012	22708483.3389373	16.50264
586.0002	397.2147	22708499.8474814	16.51964
571.5828	390.958	22708526.3651849	16.53564
546.9698	378.6117	22708544.6275899	16.55189
546.6046	385.0965	22708560.2210226	16.56863
548.897	390.4812	22708572.8815007	16.58502
509.2417	393.2789	22708590.4504902	16.60166
490.3606	392.0851	22708620.1922268	16.63472
477.6311	391.4797	22708636.4010709	16.65167
420.2239	386.0262	22708651.4624334	16.66785
401.2508	423.3286	22708662.8592449	16.68443
307.2653	413.8037	22708679.6744683	16.70099
311.8727	378.4436	22708707.7263895	16.71765
304.0308	362.7398	22708725.2276386	16.73467
310.2385	409.0206	22708739.663326	16.75079
318.7635	401.5543	22708771.3797983	16.78897
319.2692	351.3438	22708797.5805587	16.80554
326.9545	357.0813	22708814.119894	16.8221
348.7395	370.8119	22708829.8061105	16.83871
350.991	374.1744	22708841.6746416	16.85565
349.3972	379.4836	22708859.7617426	16.87269
367.3322	390.6703	22708875.549775	16.88883
377.2474	446.2295	22708886.5787355	16.90494
377.2258	414.3916	22708920.5548638	16.93807
371.9345	412.8816	22708931.5756133	16.95467
370.6082	455.6242	22708948.9475398	16.9712
356.4412	412.9353	22708976.4086824	16.98777
354.6731	413.5536	22708994.3512706	17.00474
359.1808	410.0327	22709010.0892162	17.02172
360.5961	408.3554	22709021.2162976	17.03773
357.9186	406.1567	22709040.9427167	17.05404
341.5591	430.4005	22709068.6399244	17.08768
338.355	429.0172	22709084.3339414	17.10374
328.058	388.8881	22709110.973167	17.12068
319.8613	390.4834	22709128.623445	17.13687
346.227	406.0145	22709146.3496744	17.15344
348.3201	406.2559	22709158.9793613	17.17
347.9785	405.8378	22709175.0753048	17.18669
349.902	403.6078	22709190.9754168	17.20314
348.8732	399.3943	22709222.2218117	17.23667
350.6384	397.8277	22709236.3356295	17.25284
358.2957	437.3568	22709250.5812333	17.26969
367.0846	442.7334	22709264.9126416	17.28597
355.1297	416.145	22709293.017934	17.30255
353.6143	419.5554	22709309.9743859	17.3191
357.7068	409.7026	22709325.1523441	17.33575
357.6606	410.6082	22709337.922849	17.35276
343.3424	408.7506	22709380.7856985	17.38571
355.6397	436.14	22709400.8454825	17.41821
343.9344	397.1206	22709427.5019511	17.43624
341.6034	396.4615	22709443.4308015	17.45372
330.4689	389.9724	22709459.6667418	17.46976
329.7592	390.6462	22709472.5616428	17.48676
326.8018	392.8056	22709490.6540809	17.50271
326.3611	435.9069	22709518.405481	17.53572
334.0847	441.4892	22709535.4288522	17.55274
333.8994	441.1809	22709550.859708	17.56878
333.3572	440.5078	22709562.9191438	17.58535
339.5776	401.9416	22709594.279671	17.60192
338.4791	397.5902	22709607.0780932	17.61876
343.1844	397.9364	22709624.7977538	17.63505
344.7535	398.944	22709640.6933498	17.65176
342.4557	400.6223	22709670.7848733	17.68478
339.7659	400.7518	22709684.3263873	17.70171
338.7885	435.0714	22709696.0836598	17.71788
337.8411	431.0605	22709713.4765243	17.73471
348.4267	380.0387	22709741.3905013	17.75102
338.9658	375.7462	22709759.1384897	17.76778
335.5495	381.617	22709774.4478233	17.78477
341.0887	400.5505	22709787.1760417	17.80072
339.9683	402.0807	22709819.6787134	17.83385
340.5745	403.8681	22709833.7165799	17.85042
350.0988	409.4777	22709849.9024333	17.86698
357.0957	402.4193	22709876.2571492	17.88355
355.5979	398.0775	22709909.6929963	17.91669
357.3109	399.4948	22709922.0816917	17.93376
349.8543	398.8623	22709939.3727402	17.94982
354.3318	402.5074	22709967.5777958	17.98295
351.3134	401.1448	22709984.3322581	17.99979
350.7877	400.1815	22709999.7376599	18.01608
350.8124	437.4962	22710011.2913006	18.03273
361.0103	439.3584	22710029.0725434	18.04973
353.3533	397.75	22710058.0646194	18.06578
357.8412	397.5643	22710075.3084549	18.08279
353.9256	396.9988	22710090.8312734	18.09892
346.8777	396.3168	22710119.9071012	18.13205
347.3006	401.1115	22710134.7742746	18.14885
350.2122	425.179	22710147.9799603	18.16518
349.7686	428.7534	22710165.6811463	18.18175
356.4648	422.0296	22710191.4331778	18.19832
362.3421	418.1353	22710224.9568822	18.23173
369.4316	411.6042	22710236.3910535	18.24874
359.0025	411.0296	22710269.277998	18.28115
350.8344	407.4019	22710281.8190066	18.2978
348.4244	405.7445	22710298.933109	18.31428
347.7431	405.3233	22710315.2396635	18.33085
358.5254	440.0843	22710328.6658136	18.34774
367.081	399.894	22710344.633666	18.36399
354.211	410.8152	22710371.6908295	18.38074
348.2944	414.2115	22710389.7635613	18.39712
346.8133	418.0374	22710416.6967393	18.41377
340.1636	422.6172	22710436.1842194	18.45106
421.7342	449.199	22710461.2444776	18.46779
442.7001	491.3196	22710478.889829	18.50076
452.9628	450.6101	22710507.3974585	18.51775
442.223	444.4682	22710525.2086713	18.5339
445.4959	444.7073	22710540.6132519	18.55082
452.2457	443.1321	22710571.7274503	18.58381
449.5511	435.7951	22710584.2967868	18.60081
440.2656	469.6145	22710597.6478065	18.61676
440.4759	468.5384	22710614.5205067	18.63375
463.9556	444.0814	22710642.4041032	18.64989
462.1288	448.971	22710659.7509862	18.66643
446.731	458.4872	22710675.7746732	18.68382
451.1248	459.0572	22710686.8225189	18.69979
461.702	458.1601	22710723.0890942	18.73278
465.4188	462.0537	22710732.8564408	18.74926
459.6349	456.6022	22710751.37667	18.76583
452.6696	496.0164	22710763.9008461	18.78276
449.369	456.3803	22710775.6626347	18.79896
452.8073	494.1625	22710793.7173024	18.81577
450.9569	450.3714	22710824.4997781	18.83305
448.652	449.7892	22710839.855093	18.84983
452.1266	443.3981	22710869.45478	18.88279
452.3344	442.5419	22710884.5933256	18.89932
454.4432	447.6806	22710899.897322	18.91678
452.2942	490.5482	22710913.6584791	18.93245
450.8517	485.9169	22710928.9460536	18.94902
435.5421	462.9964	22710956.8091227	18.96579
437.5603	461.9557	22710974.6769911	18.98215
455.1856	470.442	22710990.9075943	18.99885
458.5011	471.3285	22711022.0702374	19.03185
470.1572	460.7104	22711034.9856657	19.04841
453.7728	501.0029	22711048.7262955	19.06499
447.2	498.5507	22711066.3141702	19.08179
465.963	453.6993	22711091.1334367	19.09842
431.0435	495.4068	22711109.3018262	19.13178
462.2213	467.8853	22711136.579454	19.14813
382.5753	464.8569	22711172.1193594	19.18126
379.5951	497.7173	22711191.096939	19.24377
61.61175	348.7372	22711267.9527492	19.28228
87.63346	343.6349	22711290.9832583	19.29885
97.5963	354.0119	22711317.6274105	19.33199
97.56286	358.8112	22711333.4187273	19.34878
97.77394	367.0487	22711349.3586625	19.3658
99.45076	411.882	22711361.7970341	19.38178
98.07541	417.9188	22711379.4493649	19.39825
91.01398	368.7642	22711406.5126865	19.41482
16.01912	377.0014	22711437.9306905	19.43139
1.16609	390.1078	22711559.0004635	19.56598
10.38368	389.5885	22711574.5602313	19.58255
10.20026	389.5782	22711587.3451054	19.59911
28.3514	400.1159	22711620.241082	19.63586
26.90169	437.6188	22711630.9645948	19.65281
29.7727	440.016	22711649.524647	19.66896
7.659485	387.0705	22711675.8736153	19.68582
11.74077	434.8687	22711829.0511128	19.85119
18.52488	398.3737	22711856.8447993	19.86782
18.62569	399.3447	22711874.4757816	19.88433
32.41605	392.741	22711890.0330861	19.9009
23.12491	390.8931	22711921.4847549	19.93402
16.8826	387.5335	22711934.3964883	19.95059
11.36393	416.4063	22711945.9464342	19.96785
5.667124	417.4035	22711965.2228926	19.98382
22.67177	393.8798	22711991.6658764	20.00029
21.6301	398.0978	22712009.706996	20.01692
17.38647	397.1458	22712025.5258196	20.03389
18.02168	401.2215	22712036.1602434	20.04999
27.6958	397.4214	22712071.1656155	20.08312
26.57286	395.0135	22712082.408882	20.0999
33.37476	391.2085	22712100.7008464	20.11626
31.40516	424.0576	22712114.5100377	20.13284
26.7604	388.5997	22712126.1827374	20.14939
27.27884	386.0931	22712159.1994151	20.16596
24.84033	388.1033	22712171.7145591	20.18282
22.1202	389.4962	22712189.6316933	20.19909
32.91732	387.1376	22712217.4725928	20.23222
36.70218	382.4589	22712236.806528	20.24885
39.73408	420.3365	22712250.7971815	20.26583
43.56058	419.2751	22712263.272913	20.28193
47.60848	421.3137	22712280.7840152	20.29885
31.61764	381.5999	22712306.9691748	20.31506
33.46106	381.7744	22712324.432243	20.3319
35.50956	376.7004	22712339.7382921	20.34819
30.44336	379.7177	22712370.5117357	20.38132
33.27443	379.3801	22712383.7465704	20.39792
39.33721	376.3615	22712397.272073	20.41487
40.9338	402.4146	22712440.926459	20.43102
35.3134	367.8124	22712459.3017647	20.46684
39.3042	378.2667	22712474.5478738	20.48342
40.81757	382.1875	22712488.8842086	20.49998
100.4048	393.9222	22712521.6311563	20.53311
165.0347	399.8025	22712534.3347419	20.54993
167.0361	401.6744	22712549.9663556	20.56625
176.3052	439.5127	22712564.4562354	20.58287
219.7112	434.1442	22712576.7385988	20.59987
315.8011	393.6046	22712608.9116004	20.61595
333.6696	398.8434	22712621.4365976	20.63251
382.2528	399.4253	22712639.0236513	20.64908
387.1404	402.0648	22712668.9579348	20.68221
391.2458	401.8211	22712684.3592311	20.6989
384.8145	396.7291	22712699.7814653	20.71535
384.9794	436.3047	22712711.2291847	20.73191
381.3011	445.614	22712729.1413923	20.74887
381.3297	415.0219	22712757.0627592	20.76505
383.2499	415.8789	22712774.5328067	20.78194
381.0884	422.2361	22712789.2661414	20.79818
392.348	424.5694	22712820.9415589	20.83131
391.4006	419.0759	22712835.3238751	20.84788
390.2649	456.1275	22712846.5515408	20.86445
388.1203	412.4712	22712864.6653275	20.88101
384.4759	405.6696	22712891.0602771	20.89788
384.6895	438.939	22712909.3649685	20.93088
389.1145	388.9115	22712936.3215477	20.94728
388.616	392.3031	22712972.531878	20.98093
392.8972	391.1291	22712983.4376741	20.99699
390.0631	391.1172	22712999.5274593	21.01355
377.221	392.3132	22713015.2030016	21.03011
376.9047	392.7311	22713026.4943022	21.04691
374.0027	388.1031	22713046.8090365	21.06325
386.865	390.3299	22713072.7987753	21.07988
384.0083	437.451	22713090.1316997	21.11295
382.5283	395.3818	22713116.7483452	21.12996
385.3244	399.1885	22713134.1785695	21.14608
386.9223	400.8876	22713150.6546803	21.16295
392.3425	392.5239	22713163.0544604	21.17921
405.9294	387.1939	22713179.4357347	21.1959
405.1902	425.1313	22713195.0106927	21.21289
398.6465	420.3542	22713207.5952194	21.22891
391.4354	418.7302	22713225.3961685	21.24589
384.2432	418.1265	22713241.5668317	21.26206
367.411	377.955	22713270.6381434	21.27891
360.103	375.2122	22713285.7110013	21.29518
359.8254	373.2182	22713298.7631422	21.31189
368.3083	372.9256	22713316.9270157	21.32833
370.5166	367.601	22713330.860603	21.34495
370.7859	409.4494	22713343.431171	21.3619
371.7184	410.3269	22713359.8440575	21.37802
379.5172	421.5804	22713376.215068	21.3949
388.8389	423.4771	22713389.4343019	21.41116
385.8707	386.1281	22713419.8177249	21.42796
391.4972	378.5619	22713448.2374971	21.44429
399.4355	383.7367	22713475.9564639	21.48278
403.7142	435.2422	22713493.9273798	21.51592
399.055	398.97	22713521.4673477	21.5329
399.9136	397.9303	22713539.0736971	21.54905
382.4303	392.5748	22713567.9327555	21.58218
381.1435	426.9239	22713586.9193671	21.59897
390.7093	390.5564	22713600.4493858	21.61596
392.422	425.9134	22713611.5033897	21.63297
390.6377	426.1236	22713628.9623523	21.64911
391.8495	387.0768	22713656.5831982	21.66593
387.0451	385.5579	22713675.2048326	21.68224
391.3095	390.2549	22713689.5493785	21.69892
383.7238	386.1971	22713720.2559028	21.73199
390.7288	391.6679	22713734.5725313	21.74898
393.2379	398.0881	22713748.843589	21.76507
393.9035	436.0163	22713763.5789765	21.78194
394.5825	435.9008	22713779.1695354	21.79894
399.1064	433.985	22713791.8538252	21.81493
397.1723	397.4867	22713824.5453489	21.83134
393.5005	415.9185	22713836.3761096	21.84792
392.889	417.6831	22713869.4703808	21.88104
392.4436	417.7586	22713882.8723085	21.8976
393.7285	416.8993	22713899.0286025	21.91417
396.1599	446.6688	22713915.7067029	21.93115
392.2411	441.2404	22713927.1269156	21.94731
378.6508	429.4566	22713943.7302963	21.96395
386.7332	392.1344	22713971.2657481	21.98093
390.063	394.3169	22713989.6858035	21.997
394.9062	399.6927	22714017.7077547	22.03014
398.1847	417.8954	22714034.5689595	22.04702
399.0889	413.4286	22714049.2567234	22.06327
371.1807	448.8889	22714061.2779783	22.07996
359.6915	404.3967	22714079.5477732	22.09641
372.7436	397.9691	22714094.8920033	22.11297
376.2307	428.3834	22714106.5261115	22.12954
378.9508	426.9648	22714124.1714629	22.1461
369.1523	381.1523	22714139.63