x	y	id	timestamp
352.32	407.13	95678778.3402285	0.02
364.62	394.49	95678898.3528405	0.3533334
361.62	395.15	95678911.5564735	0.4637322
371.19	438.32	95679030.4996081	0.5042298
354.94	422.96	95679085.57667	0.6205882
332.90	380.29	95679154.9982778	0.676559
326.16	495.07	95679239.0719317	0.7536303
348.54	442.53	95679274.4283222	0.8230027
310.57	459.73	95679372.7615386	0.8592631
300.71	418.45	95679382.4315853	0.9424286
325.40	409.57	95679455.4446666	0.9747383
348.55	469.70	95679535.5318998	1.025836
342.38	424.58	95679633.4607264	1.149216
312.77	423.68	95679678.692027	1.20841
346.52	436.03	95679794.4012753	1.294931
344.83	475.85	95679809.4470371	1.370439
349.22	448.63	95679895.5385342	1.434068
349.04	487.90	95679918.0119297	1.482423
347.98	451.40	95679935.5989833	1.520141
370.18	500.99	95680085.0963289	1.564636
355.24	496.84	95680129.6625419	1.685721
332.17	440.39	95680335.7822519	1.748742
334.69	444.09	95680372.7635913	1.894739
340.87	481.40	95680430.4854032	1.93407
359.47	470.50	95680478.4558799	2.011037
372.20	442.31	95680533.4602748	2.047398
317.66	472.16	95680642.5941869	2.096431
316.47	508.12	95680664.7457128	2.205186
312.32	481.53	95680742.4653159	2.266591
342.16	492.42	95680815.4348791	2.426116
346.16	500.59	95680830.4802303	2.525511
380.61	480.76	95680875.2311898	2.595022
301.49	446.53	95681368.5493165	2.757212
313.04	472.24	95681447.9960949	2.931639
313.92	448.31	95681476.5111142	3.063305
332.00	455.80	95681664.5063633	3.141079
316.73	435.39	95681685.1117655	3.273732
251.54	469.93	95681841.5087802	3.334376
286.07	475.51	95681877.8398116	3.423606
309.58	442.77	95681909.4203925	3.497449
320.36	483.76	95681952.9368343	3.615003
306.41	415.11	95682169.5353706	3.67306
310.45	413.96	95682225.8748674	3.799513
321.04	468.65	95682302.9252774	3.855443
310.19	437.93	95682348.2013278	3.965184
349.77	434.59	95682427.548343	4.031395
349.23	440.19	95682575.0270243	4.13885
328.71	423.64	95682667.7386074	4.19818
365.64	457.97	95682725.5634668	4.322973
294.77	427.51	95682906.4414565	4.370363
294.73	428.38	95682944.917601	4.476219
303.13	456.74	95682979.5863237	4.522237
294.89	424.38	95683080.5881017	4.618908
294.34	460.34	95683112.7114271	4.669972
310.34	430.95	95683265.5982566	4.715929
296.27	469.84	95683339.7772942	4.836509
304.39	480.23	95683439.0022207	4.903306
338.66	429.23	95683509.7264971	5.001624
323.14	426.87	95683574.9740636	5.058674
305.88	427.09	95683619.6314183	5.142426
318.56	434.44	95683657.8136104	5.193233
339.77	420.81	95683773.4863199	5.235969
337.65	460.62	95683795.6583732	5.3269
316.20	425.29	95683833.6591031	5.367859
306.75	499.37	95683942.469914	5.417891
444.75	783.18	95684000.23976	5.51538
446.31	825.47	95684031.714009	5.561831
402.29	825.58	95684115.2440975	5.610152
392.81	821.89	95684136.3770538	5.712564
371.17	809.30	95684209.5765239	5.748703
263.27	763.34	95684315.7089199	5.787799
217.86	693.57	95684358.3751169	5.881566
220.50	663.65	95684403.0037331	5.930586
157.08	499.31	95684475.4428684	5.978427
85.73	313.14	95684579.6752484	6.075652
100.17	354.64	95684668.5863889	6.148154
135.35	305.12	95684717.7897411	6.233147
115.39	352.72	95684778.8805096	6.291472
160.34	259.60	95684887.708153	6.347658
149.22	314.34	95684930.1974038	6.454986
140.49	294.44	95685089.7449635	6.518036
152.06	315.56	95685154.764676	6.658995
127.50	322.94	95685293.7491199	6.730432
299.53	670.04	95685339.8162962	6.845941
304.01	705.50	95685434.7431961	6.897114
333.30	703.81	95685470.7712431	6.993937
296.23	651.79	95685604.4530495	7.051193
300.34	648.30	95685646.2148094	7.17085
322.06	682.97	95685778.3771778	7.22465
332.06	634.24	95685832.9948365	7.352127
278.95	621.19	95685966.7952913	7.414288
300.37	623.68	95686025.2035394	7.532171
303.35	674.58	95686126.4688893	7.582684
284.25	648.43	95686198.8086719	7.698503
327.83	655.95	95686320.0931616	7.767325
309.97	666.74	95686340.9723993	7.875272
322.78	625.80	95686408.7768586	7.908288
360.42	627.45	95686505.5799626	7.969649
335.04	606.40	95686545.7943672	8.058249
297.53	629.13	95686582.6488473	8.102